Title,Company,Job description,Requirements,Categories,Link
נציג/ת תפעול טכנאים,one systems,תיאור משרה לחברת הייטק גדולה בפתח תקווה דרוש/ה פקיד/ת תפעול טכנאים. אחריות על שילוח טכנאים לקריאות בשטח. ניהול קריאות. בקרה על עבודת הטכנאים. עבודת אדמניסטרציה שוטפת. שעות עבודה 08:00 – 17:00.,דרישות התפקיד ניידות חובה! ניסיון בלוגיסטיקה-יתרון. ניסיון בניהול משלוחים/קריאות-יתרון משמעותי ניסיון בשירות לקוחות-יתרון משמעותי. שליטה גבוהה באקסל . אסרטיביות חובה (עבודה מול טכנאים) יכולת עבודה עצמית יכולת עבודה על כמה מערכות בו זמנית מולטיטאסקינג.,לוגיסטיקה / שילוח & תפעול & שילוח & מתאם/ת משלוחים,https://www.drushim.co.il/%D7%93%D7%A8%D7%95%D7%A9%D7%99%D7%9D-27809-%D7%95%D7%95%D7%90%D7%9F-%D7%A1%D7%99%D7%A1%D7%98%D7%9E%D7%A1/
טכנאי /ת דרג ג' ד',- חסוי -,תיאור משרה לחברת הייטק בקיסריה דרוש / ה טכנאי /ת דרג ג' ד'. עבודה הנה במשרה מלאה. תנאים מעולים למתאים /ה.,דרישות התפקיד בעל /ת תעודת טכנאי /ת דרג ג' ד'. המשרה מיועדת לנשים ולגברים כאחד.,תעשיה / ייצור & טכנאי/ת - תעשייה וייצור & עובד/ת ייצור,https://www.drushim.co.il/job/30643279/767580da/
טכנאים לעבודה בתחום הבניה,- חסוי -,תיאור משרה לעבודה במעבדה בתחום הבניה נדרשים/ות טכנאים עדיפות לבעלי רישיון נהיגה העבודה באזור תעשיה כנות,דרישות התפקיד בעל /ת תעודת טכנאי /ת דרג ג' ד'. המשרה מיועדת לנשים ולגברים כאחד.,בעלי מקצוע & עובדי בניין & טכנאי/ת,https://www.drushim.co.il/job/30634197/723d7880/
טכנאי,פרו ארט טכנולוגיות,"תיאור משרה לחברת פרו ארט טכנולוגיה המשווקת מערכות הדפסה, מערכות דבק ורובוטים לקווי יצור דרוש טכנאי לתיקון, שרות, תחזוקה והדרכת לקוחות. למועמד המתאים תינתן הדרכה ספציפית במקום.",דרישות התפקיד הבנה טכנית במערכות משולבות מכניקה ומחשב יכולת עבודה בצוות יכולת וסבלנות להדריך אנשים בטלפון. מתאים גם לעבודה גמישה.,בעלי מקצוע & טכנאי/ת & טכנאי/ת מתח נמוך & אחזקה,https://www.drushim.co.il/%D7%93%D7%A8%D7%95%D7%A9%D7%99%D7%9D-2421781-%D7%A4%D7%A8%D7%95-%D7%90%D7%A8%D7%98-%D7%98%D7%9B%D7%A0%D7%95%D7%9C%D7%95%D7%92%D7%99%D7%95%D7%AA/
"שטראוס מים מגייסת ר""צ טכנאים.ות!",קבוצת שטראוס,"תיאור משרה איך יראה היום שלך? ניהול צוות של 20-28 טכנאים.ות, הן שכירים והן קבלני משנה. חיבור הצוות ליעדים ומטרות משותפות של המחלקה והנעתו לעמידה בהם. טיפוח ההון האנושי ושימור יכולותיהן המקצועיות של הטכנאים. אחריות על גיוס, קליטה והכשרה של עובדים חדשים, לרבות ליווי ופיתוח מקצועי. הובלת שיחות אישיות, משובים, תיאום ציפיות עם העובדים ותהליכי סיום העסקה. ביצוע בקרה על בעיות משמעת ואכיפת נהלי עבודה.",דרישות התפקיד מה נדרש ממך? ותק של שנתיים בניהול צוות והנעת עובדי שטח - חובה. שליטה מלאה באקסל כולל נוסחאות. ניסיון בהובלה וניהול של פרויקטים. כושר מנהיגות ויכולת ניהול והנעת צוות. יכולת ניהול ממשקים באופן אפקטיבי.,בעלי מקצוע & טכנאי/ת & מתקינים,https://www.drushim.co.il/%D7%93%D7%A8%D7%95%D7%A9%D7%99%D7%9D-4021201-%D7%A7%D7%91%D7%95%D7%A6%D7%AA%D7%A9%D7%98%D7%A8%D7%90%D7%95%D7%A1/
לחברת הנדסה בירושלים דרוש/ה טכנאי מתח נמןך,"נתון-נוף ים בטחון בע""מ","תיאור משרה לחברת נתון מערכות הגנת אש בירושלים - דרוש/ה טכנאי מתח נמוך ומערכות גילוי אש ועשן משרה מלאה, ימים א-ה לפרטים: 054-9580263 ליטל",דרישות התפקיד ניסיון מוכח בהכרת מערכות גילוי של telefire מגורים - ירושלים והסביבה,בעלי מקצוע & טכנאי/ת מתח נמוך,https://www.drushim.co.il/%D7%93%D7%A8%D7%95%D7%A9%D7%99%D7%9D-284015-%D7%A0%D7%95%D7%A3-%D7%99%D7%9D-%D7%91%D7%98%D7%97%D7%95%D7%9F/
טכנאי /ת שירות לתחום מכונות מחזור,אפקון החזקות,"תיאור משרה לקבוצת אפקון, לחטיבת הבקרה והאוטומציה דרוש/ה טכנאי/ת שירות לתחום מכונות מחזור. התפקיד כולל מתן שירות ללקוחות החברה, ביצוע ביקורות הפעלות והתקנות, טיפולים במערכות קיימות ועבודות תחזוקה שונות עבודת בשטח משרה מלאה + שעות נוספות","דרישות התפקיד בוגר/ת ביה""ס מקצועי במגמת הידראוליקה /מכניקה/ חשמל יתרון בוגר/ת מחלקה של טכנאי או הנדסאי חשמל/ הידראוליקה / מכונות יתרון מתאים גם לבוגרי קורסים צבאיים בתחום הידראוליקה, חשמל וכו ניסיון כטכנאי/ת שירות בתחום הידראוליקה או אחזקת מכונות- יתרון רישיון נהיגה-חובה",תעשיה / ייצור & חשמל ואלקטרוניקה & מכונאי/ת & טכנאי/ת - תעשייה וייצור,https://www.drushim.co.il/%D7%93%D7%A8%D7%95%D7%A9%D7%99%D7%9D-1628816-%D7%90%D7%A4%D7%A7%D7%95%D7%9F-%D7%94%D7%97%D7%96%D7%A7%D7%95%D7%AA/
טכנאי/ת שירות שטח,קבוצת לובינסקי,תיאור משרה לקידמה חברה לייבוא ושיווק מלגזות מקבוצת לובינסקי דרוש/ה :טכנאי/ת שירות שטח  מהות התפקיד: מתן שרות למלגזות באתר הלקוח  שווה לעבוד בלובינסקי עובד/ת חברה מהיום הראשון תן ביס ביטוח בריאות פרטי אופק קידומי ובניית מסלול קריירה,דרישות התפקיד רישיון נהיגה - חובה ידע וניסיון בתחום המכונאות ידע וניסיון בתחום המלגזות - יתרון תודעת שירות גבוהה,תעשיה / ייצור & מכונאי/ת & חשמל ואלקטרוניקה & רכב / תחבורה & מכונאי/ת רכב & חשמלא/ית רכב,https://www.drushim.co.il/%D7%93%D7%A8%D7%95%D7%A9%D7%99%D7%9D-12877-%D7%93%D7%95%D7%93-%D7%9C%D7%95%D7%91%D7%99%D7%A0%D7%A1%D7%A7%D7%99/
טכנאי/ת חשמל ובקרה,קבוצת שטראוס,"תיאור משרה טכנאי.ת חשמל ובקרה- מפעל שקד החדש באחיהוד מה נבקש ממך? להביא את עצמך לעבודה! רעיונות חדשים, כישרונות, חלומות, ידע וניסיון החיים שצברת, יחד עם מקצועיות והבנה שהתפתחות היא אין סופית  מה כולל התפקיד? טיפול ומענה לתקלות חשמל ובקרה טיפול בתקלות שבר ביצוע פרויקטים בתחום החשמל ובקרה","דרישות התפקיד מה חשוב להביא איתך לתפקיד? רישיון חשמלאי מוסמך- חובה הנדסאי חשמל/בקרה- חובה ניסיון בתכנות/ בקרים- חובה משרת בוקר, נכונות לעבודה במשמרות בהמשך",הנדסה & הנדסאי/ת חשמל,https://www.drushim.co.il/job/30583429/72bd385c/
טכנאי /ת אינטגרציה למערכות מתח נמוך,חסוי,"תיאור משרה לקבוצת אפקון, לחברת הבקרה והאוטומציה, למחלקת בטחון העוסקת במערכות מתח נמוך ומערכות אבטחה אלקטרוניות בתחום HLS , דרוש איש אינטגרציה. במסגרת התפקיד: הפעילות בתחום בטחון - מערכות שליטה ובקרה, מצלמות במעגל סגור, מערכות פריצה ואזעקה. עבודה בפ""ת וכוללת נסיעות ברחבי הארץ נכונות לעבודה שטח (רישיון חובה) הפעילות בתחום בטחון - מערכות שליטה ובקרה, מצלמות במעגל סגור, מערכות פריצה ואזעקה. עבודה בפ""ת וכוללת נסיעות ברחבי הארץ נכונות לעבודה שטח (רישיון חובה)","דרישות התפקיד כישורים נדרשים: יכולת טכנית ברמה גבוהה, יכולת הדרכה וכתיבת מסמכים טכניים. השכלה: הנדסאי/ טכנאי אלקטרוניקה/תוכנה ניסיון מקצועי: לפחות 3 שנות ניסיון בתפקיד דומה ניסיון חובה בהפעלה והגדרה של מוצרים משולבי תוכנה ואלקטרוניקה, כגון מצלמות , בקרת כניסה ,בקרת פריצה ,מערכות שו""ב יתרון ידע בתחום הסיסטם, מערכות הפעלה Windows, Linux ידע בתחום התקשורת, IP, Circuit Switch LAN), WAN, VOIP,GSM) ניסיון מעשי בהתקנת שרתים (HP, Dell, Intel) יתרון: ניסיון מעשי (התקנה, קינפוג, דיבוג) עם ציוד תקשורת מתקדם – רכזות וראוטרים יתרון :הכרות ועבודה עם בסיסי נתונים והכרת שפת SQL הכרות עם טכנולוגיות ופתרונות אחסון (NetApp, EMC,SAN, NAS",הנדסה & הנדסאי/ת אלקטרוניקה,https://www.drushim.co.il/job/30651278/a75c65f1/
טכנאי/ת שטח לשירות ומכירה- למרכז-משרה מיידית!,נטלי שירותי רפואה,תיאור משרה לחברת נטלי המובילה בתחום הרפואה דחופה דרושים/ות טכנאי/ות שטח שירות מול לקוחות קיימים ומכירה ללקוחות פרטיים. שעות וימי עבודה: 5 ימי עבודה בשבוע - 08:00-17:00 שישי לסירוגין 08:00-14:00 עם גמישות בהתאם לצרכי העבודה (העבודה דורשת לעיתים פעילות מעבר לשעות אלו) תנאים סוציאליים מלאים + רכב ומכשיר סלולארי מהחברה. אזור מרכז,"דרישות התפקיד בעל/ת כישורי מכירה טובים, כושר ביטוי טוב, אסרטיביות, יכולת שכנוע, נחישות ודבקות במטרה, ייצוגיות, שירותיות. סדר, ארגון, יסודיות, יכולת עבודה עצמאית בשטח. בעל/ת הבנה טכנית ויכולת למידה טובה. רישיון נהיגה רכב פרטי. חשוב כי יהיה/תהיה נהג/ת זהיר/ה ללא עבר של תאונות וללא ריבוי עברות תנועה. שליטה מלאה בעברית בע""פ ובכתב. דוברי/ות רוסית יתרון המשרה מיועדת לנשים וגברים כאחד",רפואה / בריאות & מוכר/ת ציוד רפואי & טכנאי/ת מכשור רפואי & תועמלן/ית & מכירות & תועמלן/ית & סוכן/ת מכירות & סוכן/ת מכירות שטח,https://www.drushim.co.il/%D7%93%D7%A8%D7%95%D7%A9%D7%99%D7%9D-91906-%D7%A0%D7%98%D7%9C%D7%99--%D7%A8%D7%A4%D7%95%D7%90%D7%94-%D7%93%D7%97%D7%95%D7%A4%D7%94/
לכביש 6 דרוש/ה טכנאי/ת אלקטרוניקה,דרך ארץ,"תיאור משרה • ביצוע אחזקה מונעת ושבר, לכלל מערכות האגרה ובקרת התנועה בכביש הכולל: מצלמות, לייזרים, מחשבים, סיבים אופטיים ,RF, אנטנות, משדרים, גלאי אור, בקרים מתוכנתים, מערכות בקרה, שילוט אלקטרוני, מערכות מנהרות, תאורת כביש, מערכות חשמל ועוד. • העבודה מתבצעת גם בשטח וגם במעבדה החל מהחלפת מכלולים ועד לטיפול בכרטיסים ורכיבים בכל דרגי האחזקה, כולל עבודה בגובה הזדמנות ללמידה והתפתחות מקצועית!","דרישות התפקיד • טכנאי/הנדסאי אלקטרוניקה עם ניסיון של 3 שנים לפחות - חובה • אנגלית ברמה טובה • ידע ברמה גבוהה ב- Excel, Word, Outlook • יכולת קריאת והבנת שרטוטים • יכולת עבודה תחת לחץ ועמידה בלוחות זמנים • יחסי אנוש מצוינים • התפקיד כולל כוננויות יומיות בכל יום, לרבות סופ""ש וחגים • התפקיד כרוך בעבודת משרד ועבודת שטח בכל מזג אוויר *התפקיד פונה לשני המינים.",הנדסה & הנדסאי/ת אלקטרוניקה,https://www.drushim.co.il/job/30492761/4d6841dd/
טכנאי/ת כספומטים לבאר שבע - הכשרה על חשבון החברה,ברינקס ישראל,"תיאור משרה חברת BRINKS מגייסת טכנאי כספומטים עובד חברה מהיום הראשון כפוף להסכם הקיבוצי נופש חברה שנתי. קרן פנסיה מהיום הראשון. קרן השתלמות אחרי שנתיים. מתנות שוות בחגים. המשרה עצמה עוללת טיפול ומענה לתקלות במכונות כמו כספומטים, כספות חכמות שנמצאות בבית העסק של הלקוחות. היקף ושעות המשרה: משרה מלאה (5 ימים בשבוע כולל שישי ) יום חופש באמצע שבוע. הסכם קיבוצי: שכר: 8800 ש""ח + נסיעות (חופשי חודשי) + שעות נוספות. עבודה באזור הדרום. במסגרת התפקיד הוצאת רישיון נשק והסמכה מלאה על חשבון החברה.",דרישות התפקיד רישיון נהיגה ב’ - חובה. בעל רישיון נשק - יתרון. 12 שנות לימוד. ניסיון טכני - יתרון. נכונות לעבודה בשטח - חובה נכונות להוצאת רישיון נשק ארגוני (על חשבון החברה),בעלי מקצוע & טכנאי/ת סלולר & טכנאי/ת & טכנאי/ת מתח נמוך,https://www.drushim.co.il/%D7%93%D7%A8%D7%95%D7%A9%D7%99%D7%9D-19338-%D7%91%D7%A8%D7%99%D7%A0%D7%A7%D7%A1-%D7%99%D7%A9%D7%A8%D7%90%D7%9C/
לרשת אסתטיקה מובילה דרוש/ה טכנאי/ת לייזר - נתיבות,care שירותי רפואה,תיאור משרה לרשת האסתטיקה המובילה CARE שירותי רפואה דרוש/ה מטפל/ת הסרת שיער בלייזר לסניף נתיבות  במסגרת התפקיד: ביצוע טיפולי הסרות שיער בלייזר עם המכשירים המתקדמים ביותר! אווירה משפחתית ונעימה הכשרה מלאה על חשבוננו!,"דרישות התפקיד נכונות לעבודה במשרות (3 ערבים, 2 בקרים ושישי לסירוגין). נכונות לטיפול בכלל לקוחות הרשת, בגברים ובנשים - כולל אזורים מוצנעים. נכונות לעבודה לטווח הארוך לא נדרש ניסיון, אנו נלמד ונכשיר בקורס מקצועי עלינו!","יופי, טיפוח וספא & מסיר/ת שיער בלייזר & איש/ת יעוץ ומכירה - קוסמטיקה & קוסמטיקאי/ת",https://www.drushim.co.il/%D7%93%D7%A8%D7%95%D7%A9%D7%99%D7%9D-6545-care-%D7%A9%D7%99%D7%A8%D7%95%D7%AA%D7%99-%D7%A8%D7%A4%D7%95%D7%90%D7%94/
טכנאי/ת מיזוג מערכות גדולות.,אלקטרה מוצרי צריכה מקצועי,"תיאור משרה הזדמנות להשתלב בחברה המובילה בישראל! אלקטרה מגייסת טכנאי/ת מיזווג אוויר למערכות גדולות בפריסה ארצית!  איך יראה היום שלך ? פתרון תקלות, עבודה בשטח ומתן שירות. סביבת עבודה דינמית ומעניינת תנאים מעולים למתאימים קליטה כעובד/ת חברה מהיום הראשון / אפיקי קידום ופיתוח.","דרישות התפקיד דרישות:  בעלי ניסיון במערכות גדולות: פקג'ים, צ'ילרים, vrf",בעלי מקצוע & טכנאי/ת מיזוג אוויר & טכנאי/ת,https://www.drushim.co.il/%D7%93%D7%A8%D7%95%D7%A9%D7%99%D7%9D-3666338-%D7%90%D7%9C%D7%A7%D7%98%D7%A8%D7%94-%D7%9E%D7%95%D7%A6%D7%A8%D7%99-%D7%A6%D7%A8%D7%99%D7%9B%D7%94-%D7%9E%D7%A7%D7%A6%D7%95%D7%A2%D7%99/
טכנאי/ת מעבדה,בנדא מגנטיק,"תיאור משרה לבנדא מגנטיק - יבואנית של ציוד היקפי למחשבים, יבואנית של רחפנים DJI וXBOB דרוש/ה טכנאי/ת מעבדה לתיקונים והלחמות קלות. למתאימים הכשרה בחו""ל המשרה מלאה בבהרצליה העבודה במסגרת צוות תומך ומשפחתי. בוא/י ותצליח/י איתנו.","דרישות התפקיד יכולת למידה טובה, חוש טכני, ניסיון קודם או רקע טכני - יתרון! מלמדים הכל במקום ניסיון בהלחמות עדינות. אנגלית ברמה טובה!",תעשיה / ייצור & חשמל ואלקטרוניקה & טכנאי/ת - תעשייה וייצור & מלחים/ה / מחווט/ת,https://www.drushim.co.il/%D7%93%D7%A8%D7%95%D7%A9%D7%99%D7%9D-7753-%D7%91%D7%A0%D7%93%D7%90-%D7%9E%D7%92%D7%A0%D7%98%D7%99%D7%A7/
טכנאי/ת שירות ותחזוקה - באתרים באזור הערבה,אל-מור אנרגיות מתחדשות,"תיאור משרה לחברת אלמור אנרגיות מתחדשות דרוש/ה טכנאי/ת למחלקת שירות ותחזוקה ! התפקיד כולל: * תפעול ותחזוקה של אתרים סולריים. * מעקב ובקרה אחרי בדיקות. * תמיכה בפרויקטים בשלבי ההקמה – עבודה מול מנהלי הפרויקטים. * תמיכה בפרויקטים לאחר מסירה ללקוח – תקלות, תחזוקה מונעת, תחזוקת שבר, ביקורות שוטפות. * טיפול בתקלות חשמליות -DC/AC * פיקוח על קבלני משנה. עבודת שטח מלאה נדרשת זמינות לעבודה בסופי שבוע וחגים (כוננות כאחת לחודש)",דרישות התפקיד 1. רישיון חשמל מוסמך ומעלה– חובה. 2. רישיון נהיגה בתוקף – חובה. 3. ניסיון בתחום ה PV/סולארי – עדיפות. 4. בעל רישיון חשמלאי מסויג מתח גבוה – עדיפות,תעשיה / ייצור & חשמל ואלקטרוניקה & טכנאי/ת - תעשייה וייצור & תחזוקה,https://www.drushim.co.il/%D7%93%D7%A8%D7%95%D7%A9%D7%99%D7%9D-3492279-%D7%90%D7%9C%D7%9E%D7%95%D7%A8-%D7%90%D7%A0%D7%A8%D7%92%D7%99%D7%95%D7%AA-%D7%9E%D7%AA%D7%97%D7%93%D7%A9%D7%95%D7%AA/
טכנאי/ת מיזוג אוויר - רכב צמוד,"~ אלקטרה בע""מ ~","תיאור משרה אלקטרה FM מגייסת טכנאי/ת מיזוג אוויר למתקן ממשלתי באזור שוהם – רכב צמוד!  - הזדמנות להיכנס לחברה גדולה ויציבה! - עובד /ת אלקטרה מהיום הראשון! - רכב צמוד + קרן השתלמות - יש ארוחות באתר - משרה מלאה בימים א'-ה' בין השעות 08:00-17:00 + ימי שישי במידת הצורך וזמינות להקפצות   במסגרת התפקיד: - טיפול ואחזקת מזגנים, אחזקה שוטפת וביצוע אחזקה מונעת (מזגנים מפוצים, יטאות, מיזוג אוויר מרכזי, מפוחי נחשון,   צ'ילרים, משאבות סחרור ועוד) - טיפול בלוחות חשמל, החלפת גופי תאורה, החלפת שקעים, התקנת קווים חדשים - מתן עזרה באחזקה כללית בעת הצורך",דרישות התפקיד - לפחות 3 שנים ניסיון במיזוג וקירור- חובה - תעודת מיזוג אויר + חשמלאי מוסמך - חובה - תודעת שירות גבוהה – חובה,בעלי מקצוע & טכנאי/ת מיזוג אוויר,https://www.drushim.co.il/%D7%93%D7%A8%D7%95%D7%A9%D7%99%D7%9D-2963072-%D6%B0%D6%B0~-%D7%90%D7%9C%D7%A7%D7%98%D7%A8%D7%94-~/
לנמל הדרום דרוש/ה טכנאי/ת מכונות,- חסוי -,תיאור משרה לנמל הדרום באשדוד דרוש/ה טכנאי/ת מכונות • ביצוע טיפולים תקופתיים על פי תוכנית אחזקה. • מתן מענה לתקלות שבר. • ראייה מערכתית. • עבודה בממשק עם כלל המחלקות.,"דרישות התפקיד • בגרות מלאה- חובה. • טכנאי/ הנדסאי מכונות. • בעל ידע טכני במכונאות ציוד כבד, הידראוליקה וניסיון באחזקת מכונות ובפתרון בעיות. • ניסיון רלוונטי של 3 שנים בתפקיד דומה - יתרון. • אנגלית ברמה טובה – קריאה וכתיבה. • התמצאות וקריאת חומר טכני באנגלית ומציאת חלקי חילוף.",הנדסה & הנדסאי/ת מכונות & תעשיה / ייצור & טכנאי/ת - תעשייה וייצור & מכונאי/ת & תחזוקה,https://www.drushim.co.il/job/30554321/2a6d0cfa/
טכנאי/ת שירות מעליות משא,"- אלקטרה בע""מ -","תיאור משרה אלקטרה מעליות מקבוצת אלקטרה בע""מ מגייסת לשירותיה טכנאי/ת שירות למעליות משא.  התפקיד כולל אבחון וטיפול בתקלות חשמל, בקרה ומכניקה במעליות משא פעילות, העבודה לרוב באתרי בנייה ובמפעלי תעשייה.; מדובר בעבודת שטח, פיזית ובגובה. שעות וימי העבודה: א'-ה' 7:30-16:45 . *רכב צמוד מהיום הראשון! ותנאים מעולים למתאים/ה*",דרישות התפקיד רישיון חשמל- חובה (חשמלאי עוזר ומעלה) ניסיון בעבודה פיזית טכנית- חובה ניסיון קודם בתחום החשמל וקריאת שרטוטים- יתרון גדול,בעלי מקצוע & טכנאי/ת מעליות,https://www.drushim.co.il/%D7%93%D7%A8%D7%95%D7%A9%D7%99%D7%9D-2963091--%D7%90%D7%9C%D7%A7%D7%98%D7%A8%D7%94--/
טכנאי/ת תקשורת בית חכם ומתח נמוך עם או ללא נסיון,- חסוי -,"תיאור משרה לחברה הנותנת פתרונות מתקדמים למיגון הבית והעסק , עבודה מעניינת ומתגמלת בתחום הבתים החכמים, מערכות אבטחה מתקדמות, רשתות תקשורת ועוד דרוש/ה טכנאי/ת / עוזר/ת שכר גבוה למתאימים, אפשרויות קידום","דרישות התפקיד דרושים/ות עובדים/ות חרוצים/ות להתקנת מערכות אזעקה, רשתות מחשבים, מצלמות אבטחה, מערכות אודיו וידאו ומערכות שליטה עבודה בימים א-ה באזור המרכז, דרוש רישיון נהיגה, שליטה בשפה האנגלית, שפות נוספות יתרון",בעלי מקצוע & טכנאי/ת מתח נמוך & חשמלאי & אחר,https://www.drushim.co.il/job/30470227/112b55f3/
טכנאי/ת אלקטרוניקה למעבדת תיקונים,ביקונקט טכנולוגיות,"תיאור משרה חברת ביקונקט טכנולוגיות המייבאת מוצרי צריכה בתחום האלקטרוניקה ממותגים מובילים , מחפשת טכנאי/ת אלקטרוניקה מנוסה להצטרף לצוות המעבדה שלנו. • תודעת שרות גבוהה ומוכנות ללמוד ולהתפתח. אנו מציעים: • סביבת עבודה תומכת ומאתגרת. • הזדמנויות להתפתחות מקצועית. • תנאים סוציאליים מעולים. אם את/ה מעוניין/ת להצטרף למשפחת ביקונקט טכנולוגיות ולתרום מניסיונך ומיומנויותיך, אנא שלח/י קורות חיים",דרישות התפקיד • ניסיון בתחום האלקטרוניקה - יתרון משמעותי. • שליטה באנגלית ברמה גבוהה. • יחסי אנוש מעולים ויכולת עבודה בצוות. • סבלנות ויכולת לעבוד תחת לחץ. • תודעת שרות גבוהה ומוכנות ללמוד ולהתפתח.,בעלי מקצוע & טכנאי/ת & טכנאי/ת מתח נמוך,https://www.drushim.co.il/%D7%93%D7%A8%D7%95%D7%A9%D7%99%D7%9D-1967073-%D7%91%D7%99%D7%A7%D7%95%D7%A0%D7%A7%D7%98-%D7%98%D7%9B%D7%A0%D7%95%D7%9C%D7%95%D7%92%D7%99%D7%95%D7%AA/
טכנאי/ת שירות ותחזוקה - צוות מרכז,אל-מור אנרגיות מתחדשות,"תיאור משרה לחברת אלמור אנרגיות מתחדשות דרוש/ה טכנאי/ת למחלקת שירות ותחזוקה- לאזור מרכז. מיקום: חדרה - גדרה התפקיד כולל: * תפעול ותחזוקה של אתרים סולריים. * מעקב ובקרה אחרי בדיקות. * תמיכה בפרויקטים לאחר מסירה ללקוח – תקלות, תחזוקה מונעת, תחזוקת שבר, ביקורות שוטפות. * טיפול בתקלות חשמליות -DC/AC * פיקוח על קבלני משנה עבודת שטח מלאה נדרשת זמינות לכוננות כאחת לחודש בחגים ובסופי שבוע (כולל אחרי כניסת השבת!)",דרישות התפקיד 1. רישיון חשמל מוסמך ומעלה- חובה 2. ניסיון בעבודה בגובה- שנה ומעלה 3. ניסיון בתחום ה PV/סולארי- יתרון 4. רישיון נהיגה בתוקף- חובה,תעשיה / ייצור & תחזוקה & חשמל ואלקטרוניקה & בקרת איכות,https://www.drushim.co.il/%D7%93%D7%A8%D7%95%D7%A9%D7%99%D7%9D-3492279-%D7%90%D7%9C%D7%9E%D7%95%D7%A8-%D7%90%D7%A0%D7%A8%D7%92%D7%99%D7%95%D7%AA-%D7%9E%D7%AA%D7%97%D7%93%D7%A9%D7%95%D7%AA/
טכנאי/ת שטח למחשוב - מנהל רשת מחשבים ותשתיות,גוטק תקשורת חכמה,תיאור משרה לחברתנו דרוש/ה טכנאי/ת מחשבים / מנהל/ת רשת מחשבים . המשרה הינה גם שטח וגם תמיכה במשרד. נדרש יידע נרחב בתחום הרשתות והשרתים. משרה מלאה.,דרישות התפקיד אחריות ומקצועיות. ניסיון בהתקנת ותפעול שרתים חובה! עמידה בזמנים. רישיון נהיגה. ניסיון של כ-3 שנים לפחות.,הייטק-כללי & מנהל/ת רשת & טכנאי/ת מחשבים & תשתיות,https://www.drushim.co.il/%D7%93%D7%A8%D7%95%D7%A9%D7%99%D7%9D-7798-%D7%92%D7%95%D7%98%D7%A7-%D7%AA%D7%A7%D7%A9%D7%95%D7%A8%D7%AA-%D7%97%D7%9B%D7%9E%D7%94/
טכנאי/ת שירות חשמל ובקרה,יוטרון,"תיאור משרה לחברת יוטרון, המתמחה בפיתוח מערכות אוטומטיות, דרוש/ה טכנאי/ת שירות חשמל ובקרה. התפקיד כולל: פתרון תקלות חשמל ובקרה,שדרוגים ובדיקות של קוד בקרה עבור מוצרי החברה אשר משובצים בפרויקטים וכן תמיכה בלקוחות קיימים. התפקיד הינו בשטח מול הלקוחות. מתן שירות ללקוחות בכל הארץ, כולל באזור הצפון. משרה מלאה עם נכונות לכוננויות לילות וסופ""ש לסירוגין","דרישות התפקיד • רשיון חשמלאי/ת מעשי/ראשי • רקע או ידע בתפקידי שירות טכני למערכות בקרה ומערכות אלקטרומכאניות • זמינות למשרה מלאה, כוננויות בלילות וסופ""ש. • כושר ביטוי בעברית ואנגלית",בעלי מקצוע & חשמלאי & תעשיה / ייצור & חשמל ואלקטרוניקה & איש/ת מכשור ובקרה,https://www.drushim.co.il/job/30469657/9f6e0050/
טכנאי/ת לתיקון מעגלים אלקטרוניים ברמת הרכיב,- חסוי -,תיאור משרה לחברת הייטק בקיסריה דרוש /ה טכנאי /ת לתיקון מעגלים אלקטרונים ברמת הרכיב. התפקיד כולל: איבחון תקלות ותיקון כרטיסים אלקטרונים תנאים מצויינים למתאים /ה.,דרישות התפקיד תעודת טכנאי /ת או הנדסאי /ת אלקטרוניקה / חשמל-חובה. ניסיון בתיקוני מעבדה-חובה. ניסיון בתחום הסלולר-יתרון משמעותי. המשרה מיועדת לנשים ולגברים כאחד.,תעשיה / ייצור & טכנאי/ת - תעשייה וייצור & מרכיב/ה מכאני/ת,https://www.drushim.co.il/job/30384841/4dc8ba32/
טכנאי/ת קירור עם ניסיון בקרור תעשייתי לעבודת שטח,"קרור בני בע""מ","תיאור משרה הזדמנות מצוינת להשתלב בחברה יציבה ואיכותית לטווח ארוך! לחברת קרור בני, החברה המובילה בענף הקירור התעשייתי דרוש/ה טכנאי/ת קירור , צנרים ומתקינים עצמאים בשטח 6 ימי עבודה בשכר הגבוה בענף אפשרות להתפתח אישית ומקצועית",דרישות התפקיד **** ניסיון בתחום הקירור / מיזג אוויר מרכזי או תעשייתי - חובה ***** - שירות צבאי - רישיון חשמל בדרגת עוזר - חובה !! - רישיון נהיגה בדרגה 02 לפחות - תעודת לימודים בתחום הקירור,בעלי מקצוע & טכנאי/ת & טכנאי/ת מיזוג אוויר & חשמלאי,https://www.drushim.co.il/%D7%93%D7%A8%D7%95%D7%A9%D7%99%D7%9D-2003477-%D7%A7%D7%A8%D7%95%D7%A8-%D7%91%D7%A0%D7%99/
טכנאי/ת צוות שירות ומכירות לאזור השרון,סלקום,"תיאור משרה קבוצת סלקום מגייסת טכנאי/ת צוות שירות ומכירות לאזור השרון ביצוע התקנות ותיקון תקלות בתי לקוחות של שרותי תשתית אינטרנט, טלוויזיה וקו ביתי. מתן שירות ברמת ביצוע גבוהה ללקוחות החברה. עמידה ביעדי החברה, תפוקות עבודה, מניעת לקוחות חוזרים ומניעת איחורים ללקוחות. ביצוע מכר מוצרים משלימים בבית לקוח. עבודה מול ממשקים- מכירות, משל""ט ומוקדי תמיכה. המשרה כוללת רכב ותנאים מתגמלים: קרן השתלמות מהיום הראשון, סיבוס, אפשרויות קידום ועוד נשמח להכיר (:","דרישות התפקיד אוריינטציה טכנית. רישיון לרכב פרטי בתוקף. נכונות לעבודה במשמרות, שעות נוספות וימי שישי בהתאם לצורך.  דרישות המהוות יתרון: ניסיון בהתקנות קו ביתי. הכרות עם תשתיות תקשורת, אינטרנט, טלפוניה.  המשרה מיועדת לכל המינים והמגדרים. סלקום מעודדת ותומכת בהעסקת עובדים עם מוגבלויות.",בעלי מקצוע & טכנאי/ת & חשמלאי & מתקינים,https://www.drushim.co.il/%D7%93%D7%A8%D7%95%D7%A9%D7%99%D7%9D-3802-%D7%A1%D7%9C%D7%A7%D7%95%D7%9D/
טכנאי/ת צוות שירות ומכירות ראשון לציון,סלקום,"תיאור משרה מחפש/ת משרת שטח? קבוצת סלקום מגייסת טכנאי/ת צוות שירות ומכירות ראשון לציון ביצוע התקנות ותיקון תקלות בתי לקוחות של שרותי תשתית אינטרנט, טלוויזיה וקו ביתי. מתן שירות ברמת ביצוע גבוהה ללקוחות החברה. עמידה ביעדי החברה, תפוקות עבודה, מניעת לקוחות חוזרים ומניעת איחורים ללקוחות. ביצוע מכר מוצרים משלימים בבית לקוח. עבודה מול ממשקים- מכירות, משל""ט ומוקדי תמיכה. המשרה כוללת רכב ותנאים מתגמלים: קרן השתלמות מהיום הראשון, סיבוס, אפשרויות קידום ועוד נשמח להכיר (:","דרישות התפקיד אוריינטציה טכנית. רישיון לרכב פרטי בתוקף. נכונות לעבודה במשמרות, שעות נוספות וימי שישי בהתאם לצורך.  דרישות המהוות יתרון: ניסיון בהתקנות קו ביתי. הכרות עם תשתיות תקשורת, אינטרנט, טלפוניה.  המשרה מיועדת לכל המינים והמגדרים. סלקום מעודדת ותומכת בהעסקת עובדים עם מוגבלויות.",בעלי מקצוע & מתקינים & טכנאי/ת & חשמלאי,https://www.drushim.co.il/%D7%93%D7%A8%D7%95%D7%A9%D7%99%D7%9D-3802-%D7%A1%D7%9C%D7%A7%D7%95%D7%9D/
דרוש/ה טכנאי/ת למוצרי חשמל ביתיים,"ש.א. מוצרי פרימיום בע""מ","תיאור משרה דרוש/ה לחברת ייבוא למוצרי חשמל ביתיים קטנים טכנאי/ת חשמל (שואבי אבק, מכונות קפה ומעבדי מזון וכו') היקף משרה: ראשון עד חמישי 8:00-16:00 - גמישות בשעות",דרישות התפקיד ניסיון בתחום חובה!,בעלי מקצוע & חשמלאי & טכנאי/ת,https://www.drushim.co.il/%D7%93%D7%A8%D7%95%D7%A9%D7%99%D7%9D-4045407-%D7%A9%D7%90%D7%9E%D7%95%D7%A6%D7%A8%D7%99%D7%A4%D7%A8%D7%99%D7%9E%D7%99%D7%95%D7%9D/
"טכנאי/ת בד""ס",BMK,"תיאור משרה ל BMK, חברה לייצור אלקטרוני דרוש /ה טכנאי /ת בד""ס. ביצוע בדיקות מערכות, בדיקות של כרטיסים אלקטרונים, כולל אבחון ותיקון של תקלות. עבודה במשרה מלאה, שעות נוספות לפי הצורך. קיים מערך הסעות מאזור מעלות, כרמיאל, עכו, נהריה. תנאים טובים למתאימים/ות","דרישות התפקיד טכנאי /ת /הנדסאי /ת אלקטרוניקה - יתרון ניסיון בתחום הבדיקות והתיקונים. ידע בהפעלת ציוד בד""ס. בעל /ת יכולת למידה ורצון התפתחות בתחום.",תעשיה / ייצור & חשמל ואלקטרוניקה & מרכיב/ה מכאני/ת & טכנאי/ת - תעשייה וייצור,https://www.drushim.co.il/%D7%93%D7%A8%D7%95%D7%A9%D7%99%D7%9D-918463-cbt--bmk-group/
טכנאי.ת אחזקה למחלקת הזרקה- מגל,נטפים,"תיאור משרה נטפים מגייסת טכנאי.ת אחזקה למחלקת הזרקה במפעל במגל לצורך ביצוע טיפולי אחזקה שוטפים וטיפולי אחזקה מונעת ואחזקת שבר איך יראה היום שלך בנטפים? • ביצוע טיפולי אחזקה בציוד הפריפריאלי באולם ההזרקה • טיפול ושדרוג מערכות קיימות וחדשות במחלקה • ביצוע פרויקטים בתחום האחזקה • תחזוקה שוטפת של מערכות המחלקה • קשר מול ספקים לקבלת הצעות מחיר והזמנת ציוד • עזרה שוטפת למחלקות הייצור במפעל • עבודה ע""פ מדיניות האיכות, הבטיחות והסביבה והתקנים הרלוונטיים",דרישות התפקיד • ניסיון עבודה של שנתיים כאיש אחזקה במפעל תעשייתי- חובה • ידע וניסיון בריתוך- יתרון • יכולת התמודדות עם תקלות מורכבות בשטח • עבודה בסביבת מצוינות תפעולית ושיפור מתמיד • ידע ושליטה ביישומי מחשב ו-office ברמה טובה • יכולת עבודה ולמידה עצמאית ובצוות • ניידות,תעשיה / ייצור & טכנאי/ת - תעשייה וייצור & מכונאי/ת & רתכים / מסגרים,https://www.drushim.co.il/%D7%93%D7%A8%D7%95%D7%A9%D7%99%D7%9D-18697-%D7%A0%D7%98%D7%A4%D7%99%D7%9D/
דרוש/ה טכנאי/ת סאונד ומקרינים,סינמה סיטי,"תיאור משרה לרשת בתי קולנוע בפריסה ארצית דרושים: מקרין/ה וטכנאי/ת סאונד התפקידים כוללים תפעול אירועים, כנסי חברות, מופעים, הצגות ותאטרון, הקמה ותפעול מערכות PA, תאורה והקרנה עבודה במשמרות כולל סופי שבוע וחגים. ניסיון קודם אינו חובה - אפשרות להכשרה מקצועית למתאימים אפשרות למשרה מלאה\חלקית",דרישות התפקיד ניידות - יתרון. ניסיון קודם- יתרון הכרת סביבה ממוחשבת וטכנית- יתרון למתאימים תערך הכשרה מקצועית בנושא,כללי & חייל/ת משוחרר/ת & סטודנט/ית & משרות כלליות & פרסום / מדיה / תקשורת & טכנאי/ת חדר שידור & איש/ת סאונד & עוזר/ת הפקה,https://www.drushim.co.il/%D7%93%D7%A8%D7%95%D7%A9%D7%99%D7%9D-3549982-%D7%A1%D7%99%D7%A0%D7%9E%D7%94-%D7%A1%D7%99%D7%98%D7%99/
דרוש/ה טכנאי/ת אחזקה לסינמה סיטי,סינמה סיטי,תיאור משרה לסינמה סיטי דרוש/ה טכנאי/ת לביצוע תיקונים ואחזקה שוטפת. מטה החברה יושב בגלילות אך יש נסיעות למתחמים נוספים. משרה מלאה ימים א-ה ללא סופי שבוע 8:00-17:00 (יש גמישות בשעות) קיימות אופציות קידום בחברה!,"דרישות התפקיד רישיון חשמלאי מוסמך- חובה רישיון עבודה בגובה-יתרון דובר רוסית-יתרון ניידות-יתרון ראש גדול, אחראי/ת ,יכולת עבודה בצוות, יחסי אנוש מעולים, שירותיות.",בעלי מקצוע & חשמלאי & אחזקה & טכנאי/ת & תעשיה / ייצור & חשמל ואלקטרוניקה & תחזוקה & מפעיל/ת מכונות,https://www.drushim.co.il/%D7%93%D7%A8%D7%95%D7%A9%D7%99%D7%9D-3549982-%D7%A1%D7%99%D7%A0%D7%9E%D7%94-%D7%A1%D7%99%D7%98%D7%99/
טכנאי/ת שטח לתיקון ציוד כביסה תעשייתי,חברת שרותי כביסקל,"תיאור משרה לחברת תעשייתית וגדולה בתחום היבוא, שיווק, מכירה והשכרת ציוד כביסה בראש העין, דרוש/ה טכנאי/ת שטח לתיקון מכונות כביסה / מיבשים תעשייתיים וציוד כבד למכבסות. * העבודה במשרה מלאה, שישי אחת לחודש. * המשרה הנה משרת שרות שטח ללקוחות החברה. * רכב צמוד למתאים/ה לאחר תקופת הכשרה.","דרישות התפקיד * יכולת עבודה בצוות, שרותיות, תקשורת טובה עם אנשים וייצוגיות. עדיפות תינתן ל: * בעל/ת רישיון חשמלאי/ת * ידע במכניקה ואלקטרוניקה. * רישיון גז. * עבודה קודמת מתחום דומה. * אנגלית בסיסית",בעלי מקצוע & חשמלאי & מתקינים & טכנאי/ת,https://www.drushim.co.il/%D7%93%D7%A8%D7%95%D7%A9%D7%99%D7%9D-26778-%D7%A9%D7%A8%D7%95%D7%AA%D7%99-%D7%9B%D7%91%D7%99%D7%A1%D7%A7%D7%9C/
דרוש.ה טכנאי.ת למעבדה לבדיקות מיזוג,חסוי,"תיאור משרה לסביבת עבודה מאתגרת וחדשנית במעבדת פיתוח דרוש.ה טכנאי.ת/הנדסאי.ת תמיכה בפעילויות הנדסיות הכוללות מדידות מעבדתיות ריכוז ובקרה של תוצאות מעבדה, ומעקב מול המהנדסים האחראים על הפרויקט שותפות בתהליכי שיפור , סיוע בקביעת שיטות או פעולות לתיקון תקלות. עבודה עם מערכות מכניות ולוגיות, הקשורות לייצור מוצרים מיוחדים באיכות הנדרשת שימוש בציוד ייצור, בדיקה ומכשירי בדיקה מיוחדים.","דרישות התפקיד בעלי ניסיון בתרמודינמיקה, במערכות קירור ומיזוג אוויר - חובה כישורי חשיבה אנליטית , יכולת עיבוד וניתוח נתונים יכולת למידה מהירה נכונות לעבודה מאומצת שליטה במחשב ותוכנות אופיס",בעלי מקצוע & טכנאי/ת מיזוג אוויר & חשמלאי & טכנאי/ת,https://www.drushim.co.il/job/30464052/345881e7/
טכנאי/ת אינטגרציה והרכבות בתחום המחשוב,ARROW,"תיאור משרה לחברת מחשוב גלובלית בפ""ת, דרוש/ה טכנאי/ת הרכבות עם תנאים מעולים! העבודה במעבדה משופצת, מרווחת, נקייה, ממוזגת וכוללת ארוחות מסובסדות. העבודה בתחום החומרה והתוכנה, כוללת הרכבה ע""פ הוראות ושרטוטים, כבילה, אינטגרציה, הרצה ובדיקות סופיות. עבודה בימים א'-ה' 08:00-17:00, עבודה בימי שישי לסירוגין + ש""נ.",דרישות התפקיד ניסיון בהרכבות מחשבים – חובה (עדיפות לשרתים) ידע בהגדרות של מערכות הפעלה LINUX ו-WINDOWS – יתרון. תודעת שירות גבוהה ללקוחות פנים וחוץ. נכונות לעבודה מאומצת ופיזית. גמישות בשעות העבודה ונכונות לשעות נוספות + משמרות.,הייטק-כללי & טכנאי/ת מחשבים & אינטגרטור/ית & הייטק-תוכנה & LINUX / UNIX,https://www.drushim.co.il/job/30519456/63c39f61/
טכנאי/ת \ עוזר טכנאי למערכות מתח נמוך,"דיפנד טכנולוגיות בע""מ","תיאור משרה חברת דיפנד טכנולוגיות הינה חברה ותיקה להתקנות ואינטגרציה למערכות מתח נמוך, רשתות מקצועיות אודיו & וידיאו וחשמל חכם. דרוש/ה טכנאי/ת \ עוזר טכנאי התקנות מתח נמוך התפקיד כולל : השחלות, חיווטים (קריאת תוכניות אדריכליות) התקנת ציוד קצה משרת שטח היקף המשרה : משרה מלאה א'- ה' תנאים סוציאליים הכשרה מקצועית משרדי החברה בהרצליה פיתוח","דרישות התפקיד ניסיון בתחום המתח הנמוך מעל שנה. ידע במערכות אבטחה : טמ""ס , מערכות פריצה , בקרות כניסה רשת, אודיו & וידיאו אנגלית ברמה טובה רישיון נהיגה בתוקף מעל שנתיים ( גיר רגיל) יחסי אנוש שירותיות ורצינות אסרטיביות ורמת אחריות גבוהה ראש גדול ומחוייבות לטווח ארוך מועמדים מאזור השרון והמרכז יתרון",בעלי מקצוע & טכנאי/ת מתח נמוך & חשמלאי & טכנאי/ת,https://www.drushim.co.il/%D7%93%D7%A8%D7%95%D7%A9%D7%99%D7%9D-29623-%D7%93%D7%99%D7%A4%D7%A0%D7%93-%D7%98%D7%9B%D7%A0%D7%95%D7%9C%D7%95%D7%92%D7%99%D7%95%D7%AA/
טכנאי/ת PC-אילת,one systems,"תיאור משרה לארגון ציבורי גדול באילת דרוש /ה טכנאי /ת מחשבים משרה מלאה. תיקוני חומרה ותוכנה שונים התפקיד כולל מתן שרותים למשתמשים , תחזוקה של מערכות המיחשוב טיפול בתקלות בציוד קצה משרה מלאה ימים א-ה בין 8:00-17:00",דרישות התפקיד ניסיון של שנה כטכנאי PC -חובה! ידע במערכות הפעלה ותוכנות לתחנות קצה-חובה! בעל/ת תעודה מוכרת כטכנאי/ת מחשבים / קורס בתחום-יתרון משמעותי תודעת שירות גבוהה ויחסי אנוש טובים המשרה מיועדת לנשים ולגברים כאחד.,הייטק-כללי & איש/ת IT & טכנאי/ת מחשבים & מנהל/ת רשת,https://www.drushim.co.il/%D7%93%D7%A8%D7%95%D7%A9%D7%99%D7%9D-27809-%D7%95%D7%95%D7%90%D7%9F-%D7%A1%D7%99%D7%A1%D7%98%D7%9E%D7%A1/
דרוש/ה טכנאי/ת PC בתל אביב,one systems,תיאור משרה לארגון חינוכי תל אביב דרוש/ה טכנאי/ת PC פנים אירגוני משרה מלאה לטווח הארוך! המשרה כוללת: * התקנות מחשבים * עבודה עם AD *עבודה עם 365 *הגדרות טלפוניה ומחשבים ניידים *תמיכה אפליקטיבית פנים אירגונית. *הגדרות שרתים של מדפסות וסורקים * תמיכת פרונטלית בעובדי הארגון (עבודה פנים אירגונית) * טיפול תקלות חומרה,דרישות התפקיד * ניסיון בטיפול בתקלות חומרה *ניסיון עם מערכות הפעלה של windows * ניסיון בטיפול בתקלות Office ו-Outlook *ניסיון עם AD-חובה! *ידע ב PINEAPP-יתרון משמעותי. *יכולת עבודה עצמית ולמידה עצמית. *יכולת עבודה בצוות.,הייטק-כללי & איש/ת IT & HELP DESK / תמיכה & טכנאי/ת מחשבים,https://www.drushim.co.il/%D7%93%D7%A8%D7%95%D7%A9%D7%99%D7%9D-27809-%D7%95%D7%95%D7%90%D7%9F-%D7%A1%D7%99%D7%A1%D7%98%D7%9E%D7%A1/
דרוש/ה טכנאי/ת מעליות לאיזור תל אביב,KONE,"תיאור משרה ל-KONE ישראל, חברת מעליות ודרגנועים המובילה בתחומה ,דרוש/ה טכנאי/ת מעליות. אחריות למתן שירות מהיר לקריאות לתיקון המעליות והדרגנועים. - אחריות לשביעות רצון הלקוחות באזור. - אחריות לשימור הלקוחות הקיימים. - אחריות על כשירות המעליות. תינתן הכשרה במידת הצורך. הזדמנות מעולה להצטרף לחברה בינלאומית ומובילה בתחומה בתפקיד מאתגר ומעניין שכולל עבודה מול ממשקים מגוונים. משרה מלאה. המשרה כוללת רכב חברה. *** תנאים טובים למתאימים/ות.",דרישות התפקיד חשמלאי/ת מוסמך/ת / הנדסאי/ת חשמל - חובה. רישיון נהיגה בתוקף - חובה. נכונות לעבודה בשעות נוספות. יתרון משמעותי לניסיון בתחום המעליות.,בעלי מקצוע & חשמלאי & טכנאי/ת מעליות & טכנאי/ת,https://www.drushim.co.il/%D7%93%D7%A8%D7%95%D7%A9%D7%99%D7%9D-3362167-kone/
דרוש/ה עוזר/ת לטכנאי מעבדה לאלקטרוניקה,- חסוי -,תיאור משרה דרוש/ה עוזר לטכנאי/ת אלקטרוניקה לעבודת מעבדה לחברה ותיקה בתחום יצור ותחזוקה של מערכות מתח נמוך. התפקיד כולל: הרכבת מערכת מתח נמוך מרכיבים שונים. סיוע באבחון תקלות לטכנאי שטח תיקון תקלות במעבדה תנאים טובים למתאים/ות! משרה מלאה ימים א’-ה’ בין השעות 8:00-17:00,"דרישות התפקיד בעל /ת ידע באלקטרוניקה בתחום RF, ובתחום רשתות- יתרון ניסיון של שנה -חובה רצון לעשות ולהשפיע מעבר לנדרש מוטיבציה גבוהה פועל באופן מסודר ומאורגן ניסיון בהלחמות עדינות - חובה איבחון ותיקון תקלות בתחום האלקטרוניקה וה RF - יתרון",בעלי מקצוע & טכנאי/ת מתח נמוך & תעשיה / ייצור & חשמל ואלקטרוניקה & טכנאי/ת - תעשייה וייצור & פועל/ת,https://www.drushim.co.il/job/30465078/d0c35cd8/
טכנאי/ת קירור- כולל רכב צמוד ותנאים טובים,ג.ו.קרור,"תיאור משרה הנדסאי קירור או חשמל? טכנאי/ת קירור תעשייתי? חברת GVK מחפשת אותך. לתפקיד מבוקש של מקצוען בקירור! כולל רכב צמוד משרה מלאה 5 סיבות לעבוד כטכנאי/ת קירור תעשייתי בחברת GVK: חברה ותיקה יציבה המוכרת בשוק הישראלי למתאימים יינתן: רכב צמוד, קרן השתלמות, תגמול על השכלה רלבנטית. אפשרות לקידום מקצועי בחברה מתקדמת וטכנולוגית. אוירה משפחתית ותמיכה טכנית צמודה. עבודה בצוותים ע""פ אזור מגוריך. אזור מגורים: צפון / מרכז הארץ - גוש דן, השפלה /ירושלים.",דרישות התפקיד ניסיון לפחות כטכנאי קירור תעשייתי. יתרון להנדסאי חשמל/ אלקטרוניקה/ קירור. הכרות בבקרת Danfoss - יתרון. בעלי/ות רישיון נהיגה ג' - יתרון.,בעלי מקצוע & טכנאי/ת & מתקינים & טכנאי/ת מיזוג אוויר & הנדסה & הנדסאי/ת חשמל & הנדסאי/ת אלקטרוניקה & מהנדס/ת מיזוג אוויר,https://www.drushim.co.il/%D7%93%D7%A8%D7%95%D7%A9%D7%99%D7%9D-2534964-%D7%92%D7%95%D7%A7%D7%A8%D7%95%D7%A8/
נציג.ת טכנאי עבור אלביט בית לקוח חולון,Partner,"תיאור משרה מתן שירות אישי ומקצועי ללקוחות עסקיים בבית הלקוח טיפול בפניות לקוחות בעולמות הסלולר והקווי מענה מותאם ללקוח, תוך היכרות מעמיקה עם הצרכים הייחודים עבורו עמידה ביעדי מכר ושירות מחויבות לשמירה על שביעות רצון גבוהה של הלקוח","דרישות התפקיד ניסיון במתן שירות או ניסיון בשירות ומכירה– חובה; אוריינטציה טכנית- חובה רמה אישית גבוהה נדרשת יכולת עבודה עצמאית + בצוות ראש גדול יחסי אנוש מצוינים, יצירתיות ,יכולת עבודת תחת לחץ וראייה מערכתית העבודה בחולון במשרה מלאה",שירות לקוחות & נציג/ה פרונטלי/ת & שירות לקוחות & תמיכה טכנית,https://www.drushim.co.il/%D7%93%D7%A8%D7%95%D7%A9%D7%99%D7%9D-1946781-%D7%A4%D7%A8%D7%98%D7%A0%D7%A8/
דרוש/ה טכנאי/ת ציוד קרקע,- חסוי -,תיאור משרה כחלק מהקמת חברת תעופה חדשה בחיפה אנו מחפשים טכנאי ציוד קרקע מנוסה ומקצועי שיצטרף לצוות שלנו. תכולות התפקיד : אחזקת ציוד קרקע למטוסים: • בדיקות יומיות • ביקורות מחזוריות לציוד • טיפול בתקלות • שימוש בספרות יצרן לצורך ביצוע פעולות האחזקה,"דרישות התפקיד • ניסיון קודם כטכנאי ציוד קרקע, בחיל האוויר או בתעופה האזרחית • יכולת עבודה בצוות ויחסי אנוש מעולים • אנגלית – טובה מאד • ידע בתוכנות Office  אם אתה מחפש תפקיד מאתגר בעולם התעופה אנו מזמינים אותך להגיש את מועמדותך לתפקיד.",תיירות/ תעופה & מכונאי/ת תעופה,https://www.drushim.co.il/job/30634558/2b5cee80/
הנדסאי/ת / טכנאי/ת שירות טכני,- חסוי -,"תיאור משרה לחברה גלובלית, אשר מתמחה בפיתוח מערכות אלקטרומכניות רובוטיות, דרושים/ות הנדסאים/ות לתפקידים הכוללים מתן שירות טכני ללקוחות בארץ ובחו""ל. משרה מלאה עם זמינות לגיבוי, במידת הצורך, במשמרת ערב","דרישות התפקיד השכלה הנדסית בתחומי חשמל/מכונות/בקרה/אלקטרוניקה/תעשייה וניהול רישיון חשמל ראשי/ מוסמך – יתרון משמעותי רקע בניהול/הובלה של צוות טכני – יתרון משמעותי אוריינטציה טכנית וחשיבה לוגית לפתרון בעיות בזמן אמת, גם בהשתלטות מרחוק ניסיון בעבודה בסביבה ממוחשבת וטכנולוגית אנגלית ברמה גבוהה תודעת שירות גבוהה",הייטק-כללי & HELP DESK / תמיכה & שירות לקוחות & שירות לקוחות & תמיכה טכנית,https://www.drushim.co.il/job/30561294/712428df/
טכנאי/ת ניידת שירות לחברת ליסינג תפעולי,קבוצת לובינסקי,"תיאור משרה לחברת פריים ליס, חברת ליסינג תפעולי מקבוצת לובינסקי דרוש/ה :טכנאי/ת ניידת שירות  מהות התפקיד: • מתן שרותי דרך ללקוחות פריים ליס בשטח ( בית לקוח, אמצע הדרך וכו..)- עבודת שטח • במסגרת התפקיד תבצע ניידת השרות : החלפת מצברים, החלפת נורות , החלפת מגבים , מילוי שמן , התנעות וכדומה • דיווח מלאי הניידת ועדכון מלאים • ניידת שירות תופעל על ידי המוקד ועל ידי המחלקה הטכנית • דיווחים שוטפים לסגירת קריאות בזמן אמת  שבוע העבודה אחת ל3-4 שבועות הינו בשעות 13:00-23:00. נכונות להקפצות לקריאות בתשלום נוסף בשעות הבוקר/ערב.   שווה לעבוד בלובינסקי! עובד/ת חברה מהיום הראשון ארוחות מסובסדות - תן ביס ביטוח בריאות פרטי מועדון הטבות ייחודי לעובדי החברה אופק קידומי ובניית מסלול קריירה",דרישות התפקיד • בעל רקע טכני – חובה • בעל רישיון נהיגה גיר רגיל בתוקף- חובה • יכולת עבודה תחת לחץ • יכולת ניהול משימות במקביל,רכב / תחבורה & מכונאי/ת רכב & נהג/ת & גרירה וחילוץ,https://www.drushim.co.il/%D7%93%D7%A8%D7%95%D7%A9%D7%99%D7%9D-12877-%D7%93%D7%95%D7%93-%D7%9C%D7%95%D7%91%D7%99%D7%A0%D7%A1%D7%A7%D7%99/
דרוש/ה טכנאי/ת מחשבים ורשתות מוכשר עם נסיון מוכח,בז טכנולוגיות,"תיאור משרה לחברת מחשבים המתמחה בתחום השירות דרוש/ה טכנאי/ת מחשבים ורשתות מוכשר עם נסיון מוכח, תודעת שרות גבוהה ויכולת עבודה בצוות חובה. אנחנו מחפשים ראש גדול שידע להשתלב איתנו ועם הלקוחות",דרישות התפקיד ניסיון קודם של 3 שנים לפחות חובה ידע בסיסי ברשתות -חובה רישיון נהיגה- חובה,הייטק-כללי & טכנאי/ת מחשבים & מנהל/ת רשת & HELP DESK / תמיכה,https://www.drushim.co.il/%D7%93%D7%A8%D7%95%D7%A9%D7%99%D7%9D-3313850-%D7%91%D7%96-%D7%98%D7%9B%D7%A0%D7%95%D7%9C%D7%95%D7%92%D7%99%D7%95%D7%AA/
טכנאי/ת PC / תמיכה,- חסוי -,תיאור משרה לחברה מובילה בתחום המחשבים הממוקמת ליד קניון איילון דרוש/ה טכנאי/ת PC / תמיכה טכנית עבודה במעבדת שירות ובשטח. שירות תיקונים והתקנות. עבודה בין הימים א'-ה' (שעות 08:30-17:00),דרישות התפקיד רישיון נהיגה ב' - חובה (ידני - יתרון). רישיון על קטנוע -יתרון. תודעת שירות ומיומנות במתן שירות לקהל. יכולת עבודה עצמאית ובצוות. יכולת עבודה בתנאי לחץ.,הייטק-כללי & טכנאי/ת מחשבים & HELP DESK / תמיכה & מנהל/ת רשת,https://www.drushim.co.il/job/30494338/e6b58bc0/
טכנאי.ת אחזקה- חצרים,נטפים,"תיאור משרה נטפים מגייסת טכנאי.ת אחזקה למחלקת שיחול בחצרים לצורך מתן תמיכה טכנית בפעילות השוטפת במחלקה. איך יראה היום שלך בנטפים: • אחריות על ביצוע ""סט-אפ"" למכונות • אחריות על תהליכי הייצור ושיפורם, תקינות המכונות והציוד הסובב • ניהול פרויקטים מחלקתיים • שותפות בשגרת המחלקה ופעילויות אחזקה • שותפות בניסיונות והטמעת טכנולגיות חדשות • תמיכה במשמרת בהעדר מנהל משמרת משרה מלאה, עבודה במתכונת משמרות כולל סופי שבוע!",דרישות התפקיד • הנדסאי מכונות – יתרון • הכרות עם עולם השיחול – יתרון • ניסיון טכני בתחום – יתרון • נכונות לעובדה במשמרות כולל סופי שבוע • ניידות,תעשיה / ייצור & טכנאי/ת - תעשייה וייצור & מכונאי/ת,https://www.drushim.co.il/%D7%93%D7%A8%D7%95%D7%A9%D7%99%D7%9D-18697-%D7%A0%D7%98%D7%A4%D7%99%D7%9D/
טכנאי/ת שירות מתח נמוך,"+ אלקטרה בע""מ +","תיאור משרה קבוצת אלקטרה מגייסת טכנאי/ת שירות למערכות מתח נמוך באלקטרה מגאסון התפקיד כולל: מתן מענה לתקלות בציוד קצה במערכות מתח נמוך (אזעקות, גילוי אש, כריזה, TV, בקרת כניסות וכו') באתרי לקוחות החברה. - קבלת רכב צמוד לאחר תקופת ההכשרה.  * הזדמנות להשתלב בחברה גדולה ומובילה!  ** תנאים מעולים למתאימים/ות! משרת שטח באזור הדרום- אשדוד ועד נתיבות משרה מלאה בימים א'-ה' 08:00-17:00, נדרשת זמינות לשעות נוספות + זמינות לכוננויות והקפצות 24/7",דרישות התפקיד הנדסאי/ת / טכנאי/ת אלקטרוניקה-חובה ניסיון טכני- חובה שליטה במערכות אופיס- חובה ניסיון צבאי- יתרון,בעלי מקצוע & טכנאי/ת מתח נמוך & טכנאי/ת,https://www.drushim.co.il/%D7%93%D7%A8%D7%95%D7%A9%D7%99%D7%9D-2963148-+-%D7%90%D7%9C%D7%A7%D7%98%D7%A8%D7%94-+/
דרוש/ה טכנאי/ת מעבדה בתחום המתח הנמוך,- חסוי -,"תיאור משרה לחטיבת הביטחון של חברת תוכנה דרוש/ה טכנאי/ת מעבדה במסגרת התפקיד: תמיכה טכנית מרחוק, בעולמות המתח נמוך כגון, אינטרקום, בקרות כניסה וגילוי אש. משרדי החברה ממוקמים באור יהודה ועתידים לעבור לפתח תקווה בקרוב. משרה מלאה, בימים א-ה, בין השעות 08:00-17:00 (חמישי עד 16:00)","דרישות התפקיד ידע טכני בחומרה, ניהול רשתות מחשבים, מערכות הפעלה - יתרון ידע וניסיון בתחום המתח הנמוך, בקרות כניסה / גילי אש / אינטרקום - יתרון ניסיון בעבודה בחברת התקנות ואינטגרציה בתחום מתח נמוך - יתרון הסמכות MCITP / MCSA / CCNA - יתרון הסמכת הנדסאי אלקטרוניקה - יתרון אנגלית ברמה טובה - חובה **המשרה מיועדת לנשים ולגברים כאחד",בעלי מקצוע & טכנאי/ת מתח נמוך,https://www.drushim.co.il/job/30532965/79026fac/
טכנאי/ת מחשבים במוקד שירות תמיכה טכנית,שלמה חברה לביטוח,"תיאור משרה לחברת שלמה ביטוח דרוש.ה טכנאי/ת מחשבים במוקד שירות תמיכה טכנית. מתן תמיכה טכנית ותפעול תקלות חומרה ותוכנה לעובדי החברה. עבודה במוקד שרות טכנולוגי, התקנות מחשבים וציוד מחשב, התקנת תוכנות. משרה מלאה ימים א-ה ללא ימי שישי, 8.5 שעות עבודה ביום.","דרישות התפקיד • ניסיון עבודה כטכנאיPC ואו רשתות - חובה; • ניסיון עבודה של שנה לפחות בתחום ה-PC במרכז תמיכה - Help Desk - יתרון; • ניסיון תמיכה טכנית לעובדי החברה בנושאי חיבור לרשת , חיבור לשרתים, הגדרת תחנות - חובה; • תמיכה במערכות מידע ארגוניות, באופיס, בדואר אלקטרוני, הגדרות בדפדפנים - חובה; • היכרות עם תהליכי עבודה בביטוח אלמנטרי ומתן שירות בסביבת ב-AS-400 - יתרון",הייטק-כללי & איש/ת IT & טכנאי/ת מחשבים & איש/ת מערכות מידע,https://www.drushim.co.il/%D7%93%D7%A8%D7%95%D7%A9%D7%99%D7%9D-1204736-%D7%A9%D7%9C%D7%9E%D7%94-%D7%97%D7%91%D7%A8%D7%94-%D7%9C%D7%91%D7%99%D7%98%D7%95%D7%97/
טכנאי/ת שירות מולטימדיה,הד סינמה,"תיאור משרה החטיבה העסקית בהד סינמה מספקת פתרונות מתקדמים ללקוחות עסקיים בתחומי אודיו, וידאו, מולטימדיה, חשמל חכם, תקשורת ועוד. התפקיד כולל מתן שירות טכני מקצועי ללקוחות החטיבה במשרדי הלקוח, טיפול בתקלות, הסבר על מערכות, תיעוד קריאות השירות במערכת פריוריטי וכן הצעת פתרונות במידת הצורך. משרה מגוונת ודינאמית בעיקר באזור המרכז. משרה מלאה בין השעות 17:00-8:00 ראשון עד חמישי. תנאים מעולים ורכב חברה צמוד.","דרישות התפקיד ידע בתחומי אודיו, וידאו, מולטימדיה- חובה רישיון נהיגה - חובה ניסיון במערכת פריוריטי יתרון משמעותי תודעת שירות גבוהה, סדר וארגון, ראש גדול המשרה מיועדת לנשים ולגברים כאחד",פרסום / מדיה / תקשורת & טכנאי/ת חדר שידור & איש/ת סאונד,https://www.drushim.co.il/%D7%93%D7%A8%D7%95%D7%A9%D7%99%D7%9D-28749-%D7%94%D7%93-%D7%A1%D7%99%D7%A0%D7%9E%D7%94/
טכנאי/ת מעליות תנאים מעולים,"שג מעליות בע""מ","תיאור משרה לחברת מעליות מובילה בראשל""צ, דרוש/ה טכנאי/ת מעליות העבודה במשרה מלאה. עבודה מאתגרת ומעניינת ותנאים טובים לפרטים: 050-5302708","דרישות התפקיד יתרון משמעותי להנדסאים רקע טכני חובה ניסיון קודם בתחום המעליות- יתרון חרוץ/ה, אחראי/ת, אמין/ה",בעלי מקצוע & מתקינים & עובדי בניין & טכנאי/ת מעליות & הנדסה & הנדסאי/ת מכונות & הנדסאי/ת אלקטרוניקה & הנדסאי/ת חשמל,https://www.drushim.co.il/%D7%93%D7%A8%D7%95%D7%A9%D7%99%D7%9D-1342429-%D7%A9%D7%92-%D7%9E%D7%A2%D7%9C%D7%99%D7%95%D7%AA/
טכנאי/ת / מפעיל/ת מכונה לחברה מובילה בתחום הפלסטיק,פוליכד מוצרי פלסטיק,"תיאור משרה ל ""פוליכד מוצרי פלסטיק"" דרוש/ה טכנאי/ת / מפעיל/ת מכונה. במסגרת התפקיד: ביצוע סט-אפים, טיפול שוטף במכונות עובדות, טיפול בתקלות. עבודה במשמרות כולל שבתות.",דרישות התפקיד - ידע וניסיון טכני בתעשייה-יתרון - יכולת עבודה עצמאית ובצוות. - ניסיון בעבודה במפעל בתחום הפלסטיקה - יתרון *המשרה מיועד לנשים וגברים כאחד.,תעשיה / ייצור & מפעיל/ת מכונות & טכנאי/ת - תעשייה וייצור & מכונאי/ת,https://www.drushim.co.il/%D7%93%D7%A8%D7%95%D7%A9%D7%99%D7%9D-514960-%D7%A4%D7%95%D7%9C%D7%99%D7%9B%D7%93-%D7%AA%D7%A2%D7%A9%D7%99%D7%95%D7%AA/
טכנאי/ת PC ורשתות מחשבים,האוניברסיטה הפתוחה,"תיאור משרה טכנאי/ת PC ורשתות מחשבים למדור הטכני - מחלקת משו""ב מחלקה: מינהל המחשוב תיאור התפקיד: התקנה, תפעול ותחזוקה שוטפת של ציוד המחשוב האישי (חומרה ותוכנה) לעובדים/ות ולסטודנטים/יות בכיתות הלימוד באו""פ ובשלוחותיה ברחבי הארץ: החלפה יזומה, שדרוג לפי צורך, הכנה לסמסטר ועוד. כפיפות ל: מנהל המדור הטכני","כישורים נדרשים: ניסיון של שלוש שנים לפחות כטכנאי/ת PC ורשתות. ניסיון בעבודה בארגונים גדולים. ידע מוכח בטיפול ותחזוקה במחשבי PC , במדפסות ובציוד היקפי. ידע נרחב בחומרה ובתוכנה, בתחומים הבאים: Win 2016 Server Windows 10 Office 2016/365 ידע וניסיון בבניית Images) Sysprep) ידע וניסיון עם תוכנות אנטיוירוס ברמת שרת וברמת Client - יתרון. הסמכות MCSE ,MCITP - יתרון. בעל/ת יכולות טכנולוגיות ולמידה גבוהות. תודעה שירות גבוהה, אדיבות וסבלנות, יחסי אנוש מעולים. בעל/ת יוזמה ויצירתיות, ויכולת לעבוד בצוות ולשתף מידע. יכולת תיפקוד בתנאי לחץ. בעל/ת אנגלית ברמה טובה. הערות: - התפקיד כולל תורנויות ושעות עבודה גמישות בהתאם לצרכי מינהל המחשוב. - יכולת עבודה פיזית.  היקף משרה: משרה מלאה האוניברסיטה הפתוחה ב: רעננה  רק פניות מתאימות תענינה תינתן עדיפות בקבלה לעבודה למועמד/ת עם מוגבלות, ובלבד שהוא/היא עומדים בדרישות התפקיד וכישוריהם דומים לכישורי מועמדים אחרים לתפקיד.",הייטק-כללי & טכנאי/ת מחשבים & מנהל/ת רשת,https://www.drushim.co.il/%D7%93%D7%A8%D7%95%D7%A9%D7%99%D7%9D-1159136-%D7%94%D7%90%D7%95%D7%A0%D7%99%D7%91%D7%A8%D7%A1%D7%99%D7%98%D7%94-%D7%94%D7%A4%D7%AA%D7%95%D7%97%D7%94/
טכנאי/ת מיזוג אויר,"מדיקה אקסל אלישע בע""מ","תיאור משרה לבית חולים מדיקה אקסל אלישע בית חולים כירורגי ומוביל בצפון דרוש/ה טכנאי מיזוג אויר משרה מלאה+ ש""נ לפי הצורך קליטה לארגון מהיום הראשון","דרישות התפקיד תעודת טכנאי מיזוג אויר- חובה ניסיון במערכות מיזוג על מים (יט""אות , פיינקולים)- חובה ניסיון בהתקנה ותיקונים של מזגני גז- חובה",בעלי מקצוע & טכנאי/ת מיזוג אוויר,https://www.drushim.co.il/%D7%93%D7%A8%D7%95%D7%A9%D7%99%D7%9D-1069266-%D7%91%D7%99%D7%97-%D7%90%D7%9C%D7%99%D7%A9%D7%A2/
טכנאי/ת בדיקות סופיות,א.ל אלקטרוניקה,"תיאור משרה עובד/ת מחלקת בדיקות סופיות -אחראי/ת על ביצוע בדיקות חשמליות לכרטיסים, מודלים ומוצרים מוגמרים יכול להתאים לעתודאים + חיילים משוחררים","דרישות התפקיד השכלה- הנדסאי/ת אלקטרוניקה או לימודי תעודה - חובה - ידע בהפעלת ציוד בד""ס - ידע באיתור תקלות ברמת רכיב, קריאת שרטוטים חשמליים - חובה - בדיקת כרטיסים במכונה, ניתוח כשל ומתן מענה לתקלות כרטיסים - רקע קודם בהפעלת וכתיבת תוכנת בדיקה למכונות - יתרון - ידע בבדיקות סביבתיות (הרעדה, טמפרטורה תנור) - יתרון - משימתיות, מוסר עבודה גבוה, רצון ללמוד דברים חדשים, יוזמה. - עבודה מעניינית בסביבה דינמית נעימה וטובה - משרה מלאה + נכונות לשעות נוספות ו/או עבודה במשמרות",תעשיה / ייצור & חשמל ואלקטרוניקה & טכנאי/ת - תעשייה וייצור & איש/ת מכשור ובקרה,https://www.drushim.co.il/%D7%93%D7%A8%D7%95%D7%A9%D7%99%D7%9D-834958-%D7%90%D7%9C-%D7%90%D7%9C%D7%A7%D7%98%D7%A8%D7%95%D7%A0%D7%99%D7%A7%D7%94/
טכנאי/ת למעבדת שיניים תותבות,מלאכי דנטל קליניק,"תיאור משרה למרפאת שיניים מלאכי דנטל קליניק העובדת עם קופות חולים / ביטוחים ופרטיים, דרוש/ה טכנאי/ת שיניים תותבות. בעל/ת ניסיון. היקף משרה מלאה. ישנה נגישות בתחבורה ציבורית.",דרישות התפקיד בעל/ת ניסיון בתחום- חובה.,רפואה / בריאות & סייע/ת לרופא שיניים & רפואה - כללי & טכנאי/ת מכשור רפואי,https://www.drushim.co.il/%D7%93%D7%A8%D7%95%D7%A9%D7%99%D7%9D-3918392-%D7%9E%D7%9C%D7%90%D7%9B%D7%99%D7%93%D7%A0%D7%98%D7%9C%D7%A7%D7%9C%D7%99%D7%A0%D7%99%D7%A7/
דרוש /ה טכנאי /ת שירות למשרת שטח+רכב חברה,ELBE,"תיאור משרה טכנאי/ת שירות לתחום אלקטרוניקה/ מכטרוניקה. התפקיד כולל התקנה, טיפול ותיקון מכונות הנמכרות ללקוחות החברה.",דרישות התפקיד הנדסאי/ת אלקטרוניקה - חובה ניסיון בתחום המכניקה - חובה אנגלית ברמה גבוהה ניסיון בעבודת שטח נכונות לנסיעות מרובות בכל הארץ.,תעשיה / ייצור & טכנאי/ת - תעשייה וייצור & חשמל ואלקטרוניקה & מכונאי/ת,https://www.drushim.co.il/%D7%93%D7%A8%D7%95%D7%A9%D7%99%D7%9D-568711-elbe/
דרוש/ה טכנאי/ת לבקרת איכות,AMTS - TQM,תיאור משרה לחברה מובילה בישראל בתחום האיכות ופרויקטים גלובליים דרושים /ות טכנאי/ת לפרויקט בקרית גת. התפקיד כולל בדיקות איכות לצנרת ומערכות מתקדמות. משרה מלאה. אין צורך בניסיון קודם. תנאים טובים למתאימים/ות.,"דרישות התפקיד - יכולת עבודה בצוות, חשיבה יצירתית ויכולת עבודה עצמית. - ניסיון בשירותי אבטחת איכות או בקרת איכות- יתרון. - אנגלית - יתרון.",תעשיה / ייצור & בקרת איכות & טכנאי/ת - תעשייה וייצור & מדעים / ביוטק & אבטחת איכות & כימיה,https://www.drushim.co.il/%D7%93%D7%A8%D7%95%D7%A9%D7%99%D7%9D-4094408-amts-tqm/
דרוש/ה טכנאי/ת /הנדסאי/ת מכונות לעבודה בשטח,- חסוי -,"תיאור משרה לחברה מובילה בחולון המתמחה ביבוא מכונות לתעשייה דרוש/ה טכנאי /ת /הנדסאי /ת מכונות לטיפולים, תיקונים והרכבות בשטח הלקוח. משרה מלאה ימים א' עד ה' בין השעות 07:30-16:30",דרישות התפקיד יתרון לבעל /ת רישיון חשמל מוסמך ידע במכניקה ידע באלקטרוניקה. עבודה תחת לחץ. ידע בקריאת סכימות וסירטוטים. יכולת שירות גבוהה. עבודה בצוות ולחוד. ניסיון באחזקת מכונות חובה (לפחות 3 שנים). אנגלית טובה.,הנדסה & הנדסאי/ת מכונות & הנדסאי/ת אלקטרוניקה,https://www.drushim.co.il/job/30504275/c5c4325f/
טכנאי/ת / מכונאי/ת שטח - ללא ניסיון,- חסוי -,"תיאור משרה דרוש/ה טכנאי/ת שטח / מכונאי/ת בעל/ת רקע טכני לתפקיד מעניין ומאתגר טיפול בתקלות ומתן שירות ללקוחות החברה ! ניידת שירות צמודה, שכר מעולה וכל התנאים הסוציאליים משרה מלאה ולטווח הארוך אין צורך בניסיון קודם - הכשרה תינתן למתאים/ה העבודה בכל הארץ",דרישות התפקיד - רישיון נהיגה עד לשנת 2007 - חובה! - בעל/ת רקע טכני - חובה! - בעל/ת ידע בחשמל או ריתוך - יתרון,בעלי מקצוע & טכנאי/ת & חשמלאי & רתכים / מסגרים & תעשיה / ייצור & טכנאי/ת - תעשייה וייצור & מכונאי/ת & חשמל ואלקטרוניקה & רתכים / מסגרים,https://www.drushim.co.il/job/30557133/69dfafc4/
טכנאי/ת שירות למערכות סולאריות - אזור צפון,נופר אנרגיה,תיאור משרה לחברה מובילה בתחום האנרגיה המתחדשת דרוש/ה טכנאי/ת שירות שטח לאזור הצפון. התפקיד כולל: מתן שירות ללקוחות החברה איתור וטיפול בתקלות חשמל ותקשורת במערכות הסולאריות ביצוע פעולות תחזוקה שוטפות שימוש בתוכנות ובמכשירי בדיקה ומדידה עבודה בגובה על גגות ומאגרי מים משרת שטח בצפון הארץ התפקיד כולל רכב,דרישות התפקיד רישיון חשמלאי מוסמך- חובה ניסיון במערכות סולאריות - יתרון ידע בתקשורת אנגלית טכנית תודעת שירות גבוהה יכולת עבודה עצמאית נכונות לעבודה פיזית מאומצת,הנדסה & הנדסאי/ת חשמל & הנדסאי/ת אלקטרוניקה,https://www.drushim.co.il/%D7%93%D7%A8%D7%95%D7%A9%D7%99%D7%9D-2299440-%D7%A0%D7%95%D7%A4%D7%A8-%D7%90%D7%A0%D7%A8%D7%92%D7%99%D7%94/
דרוש טכנאי/ת מיזוג אויר,"קירור יקיר בע""מ","תיאור משרה לחברה בתחום שירות וטיפול במתקני מיזוג אויר דרוש/ה טכנאי/ת מיזוג אויר העבודה אצל לקוחות החברה לקוחות מוסדיים ולא פרטיים - מגדלי משרדים, קניונים מתקנים בטחוניים , תעשיה ומסחר - משרה מלאה בימים א - ה 7:00- 17:00 אפשרות לקידום והתפתחות מקצועית ותנאי שכר טובים למתאימים","דרישות התפקיד - בעל ניסיון בתפקיד- חובה (אפשרי לבעלי ניסיון כעוזר טכנאי) - בעלי רשיון חשמל כלשהו - יתרון - בעל תעודת טכנאי מיזוג אויר וקירור - יתרון - בעל ניסיון עבודה עם צילרים מערכות vrf ומגדלי קירור - יתרון - יחסי אנוש טובים, אחריות ומשמעת עצמית.",תעשיה / ייצור & טכנאי/ת - תעשייה וייצור,https://www.drushim.co.il/%D7%93%D7%A8%D7%95%D7%A9%D7%99%D7%9D-4032411-%D7%A7%D7%99%D7%A8%D7%95%D7%A8%D7%99%D7%A7%D7%99%D7%A8/
טכנאי/ת מעבדה,intera,"תיאור משרה לצורך הרחבת פעילות של מעבדת מחשבים בפתח תקווה דרוש/ה טכנאי/ת צעיר ורענן לתפקיד מאתגר ומעניין הדורש תיקון תקלות חומרה ותוכנה של מחשבים ניידים ונייחים ברמת רכיב ,הרכבות ,מכניקה ופלסטיקה וסיוע ללקוחות המעבדה עד למציאת הפתרון, מתן שרות טכני למוצרי החברה. טיפול במשימות מורכבות תוך ישום מיומנויות מקצועיות, הפעלת יוזמה ויכולת שיפוט מקצועי. -יוצאי חברות גדולות-יתרון משמעותי שעות העבודה 09:00-18:00 בימים א'-ה'.  *** תנאים טובים למתאימים/ות!","דרישות התפקיד ידע בסיסי בתחום המחשבים: מערכות הפעלה, BIOS וחומרה. יכולת עבודה בצוות",הייטק-כללי & טכנאי/ת מחשבים & HELP DESK / תמיכה & איש/ת IT,https://www.drushim.co.il/%D7%93%D7%A8%D7%95%D7%A9%D7%99%D7%9D-18250-intera/
טכנאי/ת מעליות ל איזור אשדוד / אשקלון/ באר שבע,KONE,"תיאור משרה לחברת KONE ישראל, חברת מעליות גלובלית, המובילה בתחום המעליות והדרגנועים, דרוש/ה טכנאי/ת מעליות, לאיזור אשקלון / אשדוד/ באר שבע הזדמנות מעולה להצטרף לחברה בינלאומית ומובילה בתחומה בתפקיד מאתגר ומעניין שכולל עבודה מול ממשקים מגוונים. במסגרת התפקיד: אחריות למתן שירות מהיר לקריאות לתיקון המעליות והדרגנועים. - אחריות לשביעות רצון הלקוחות באזור. - אחריות לשימור הלקוחות הקיימים. - אחריות על כשירות המעליות. תינתן הכשרה במידת הצורך. משרה מלאה. המשרה כוללת רכב חברה. *** תנאים טובים למתאימים/ות.",דרישות התפקיד חשמלאי/ת מוסמך/ת / הנדסאי/ת חשמל - חובה. רישיון נהיגה בתוקף - חובה. נכונות לעבודה בשעות נוספות.,בעלי מקצוע & חשמלאי & טכנאי/ת מעליות & טכנאי/ת,https://www.drushim.co.il/%D7%93%D7%A8%D7%95%D7%A9%D7%99%D7%9D-3362167-kone/
טכנאי /ת מכשור והתקנות,קבוצת מלקם,"תיאור משרה חברה בתחום האנרגיה והגז הטבעי המתפתחת בקצב מהיר מעוניינת לצרף לשורותיה טכנאי /ת, לעבודה בסביבה מאתגרת וייחודית מסוגה בארץ. העבודה כוללת: יציאה לשטח הלקוח לתחזוקה שוטפת ולטיפול בתקלות, בתחנות, במתקני גז טבעי דוודים ומערכות בעירה עבודות הכנה מקדימות המתבצעות בסדנת הייצור In-House. העבודה כחלק מצוות התחזוקה ובכפיפות למנהל התחזוקה","דרישות התפקיד - טכנאי /ת מכונות/חשמל/מכשור (רישיון חשמלאי /ת מוסמך /ת /ראשי /ת) - יתרון. - טכנאי גפ""מ/גז טבעי - יתרון - ידע טכני וניסיון מעשי בתחזוקה, בעבודות מכניות ובקריאת שרטוטים - יתרון - מוטיבציה ונכונות לעבודת שטח מאומצת. - רצון ללמוד ולהתמקצע בתחום, התחייבות לטווח ארוך - חובה. - יחסי אנוש נאותים ותקשורת טובה. - - אפשרי גם עובד /ת כללי /ת בעל /ת חוש טכני - הכשרה תינתן על ידי החברה.",תעשיה / ייצור & טכנאי/ת - תעשייה וייצור & מכונאי/ת & רתכים / מסגרים,https://www.drushim.co.il/%D7%93%D7%A8%D7%95%D7%A9%D7%99%D7%9D-2087932-%D7%A7%D7%91%D7%95%D7%A6%D7%AA-%D7%9E%D7%9C%D7%A7%D7%9D/
טכנאי.ת שירות והתקנות,Partner,תיאור משרה חיבור לקוחות חדשים לשירות האינטרנט והטלוויזיה של פרטנר מתן שירות טכני ללקוחות קיימים (טיפול בתקלות) הדרכה מעמיקה ללקוחות על פרטנר TV - בעת ההתקנה מכירת שירותי ערך מוסף/ציוד משפר חוויה דוגמת מגדילי טווח ללקוחות.,דרישות התפקיד רקע/ניסיון טכני של שנה - יתרון ניסיון בעבודה בבתי לקוח- יתרון עדיפות לניסיון כטכנאי בחברות תקשורת (התקנות /ממירים וכדומה) רישיון נהיגה- שנה וותק ניסיון בכבילה של חיווט טלפוניה/כבל רשת/כבל RF- יתרון נכונות לעבודת שטח מאומצת נכונות למשרה מלאה במשמרות וימי שישי לסירוגין;,בעלי מקצוע & טכנאי/ת & מתקינים,https://www.drushim.co.il/%D7%93%D7%A8%D7%95%D7%A9%D7%99%D7%9D-1946781-%D7%A4%D7%A8%D7%98%D7%A0%D7%A8/
לקבוצת ח.י דרוש/ה טכנאי/ת TV שטח למסכי LG,קבוצת ח.י,"תיאור משרה העבודה כוללת: •תיקון מסכי TV בבית לקוח •עבודת שטח בפריסה ארצית •מתן שירות ללקוחות החברה •אבחון תקלות ומתן פתרונות ללקוחות •עבודה בצוות (מתקין + עוזר) •מכירות מוצרים נלווים והרחבות אחריות - מקבלים על כך עמלות! משרה מלאה - 5 ימים בשבוע, ימי שישי במידת הצורך (גמיש ותוספת תשלום על כך). רכב צמוד (חובה רישיון 4 טון או C1) , טלפון נייד ותנאים מעולים! המשרה מיועדת לנשים וגברים כאחד!!",דרישות התפקיד •רקע וניסיון טכני •ניסיון במכירות •רישיון נהיגה 4 טון - חובה ! •תודעת שירות גבוהה •זמינות למשרה מלאה עם נכונות לשעות נוספות,בעלי מקצוע & טכנאי/ת & חשמלאי & מתקינים,https://www.drushim.co.il/%D7%93%D7%A8%D7%95%D7%A9%D7%99%D7%9D-3666186-%D7%A7%D7%91%D7%95%D7%A6%D7%AA-%D7%97%D7%99/
טכנאי/ת תקשורת ואבטחת מידע,בזק בינלאומי,"תיאור משרה מחלקת Field Integration בבזק בינלאומי TECH מגייסת טכנאי/ת תקשורת ואבטחת מידע, לעבודה עם הרבה משמעות בבית לקוח בטחוני אסטרטגי. מבצע/ת התפקיד מהווה פונקצית תקשורת ואבטחת מידע יחידה בצוות העוסק בעולמות טלפוניית IP. במסגרת התפקיד, ביצוע התקנות ופרויקטים, תחזוקה שוטפת, הגדרת ציודים וטיפול בתקלות באתרי הלקוח, כשאתר העבודה העיקרי ממוקם באזור הצפון. עיקר העבודה הינו מול מתגי ALCATEL ו- AVAYA, FIREWALL של FORTINET , וNAC של CISCO ISE. התפקיד מצריך ומותנה במעבר סיווג ביטחוני, וכרוך בביצוע כוננויות.","דרישות התפקיד ידע וניסיון בעולמות התקשורת ואבטחת המידע- חובה: ידע בעבודה מול מתגים של -ALCATEL קינפוג, תחזוקה והתקנה– חובה, ידע במתגי AVAYA- יתרון ידע בעולמות התשתיות, נחושת ואופטיקה- חובה ידע וניסיון בעבודה מול מערכת שו""ב של ALCATELA- יתרון ידע וניסיון בעבודה מול FIREWALL של FORTINET- חובה ידע וניסיון בעבודה מול NAC של CISCO ISE- יתרון הסמכה של ALCATEL- חובה נכונות לעבור סיווג בטחוני- חובה רישיון נהיגה- חובה נכונות לביצוע כוננויות ושעות נוספות- חובה","הייטק-כללי & תקשורת / שו""ב & משרות הייטק כללי & תשתיות & כללי & חייל/ת משוחרר/ת",https://www.drushim.co.il/%D7%93%D7%A8%D7%95%D7%A9%D7%99%D7%9D-345176-%D7%91%D7%96%D7%A7-%D7%91%D7%99%D7%A0%D7%9C%D7%90%D7%95%D7%9E%D7%99-%D7%9E%D7%98%D7%94/
"טכנאי/ת קירור, רכב + טלפון!",- חסוי -,"תיאור משרה לחברת שירות ענקית העוסקת בתחום החשמל למוצרים לבית , דרוש/ה טכנאי קירור למוצרי חשמל ביתיים בעל/ת תעודה בתחום במסגרת התפקיד: * טיפול ותיקון המכשיר בבית הלקוח ובמעבדת החברה {מקררים ביתיים} * עבודה במשרה מלאה * תנאים ושכר מעולים למתאימים! * קליטה ישירה לארגון * משרה כוללת רכב+טלפון",דרישות התפקיד * רישיון חשמלאי עוזר ומעלה- עדיפות * תעודה טכנאי/ת קירור - חובה * רישיון נהיגה בתוקף- חובה * אמינות ושירותיות- חובה,בעלי מקצוע & טכנאי/ת & חשמלאי & טכנאי/ת מיזוג אוויר,https://www.drushim.co.il/job/30477371/fc5fb9b9/
טכנאי/ת שטח,- חסוי -,"תיאור משרה לחברה בתחום מערכות התדלוק הממוחשבות דרוש /ה טכנאי /ת שטח. התפקיד כולל: ביצוע התקנות של מוצרי החברה ובדיקתם באתר הלקוח, איתור תקלות ותיקוני מעבדה. תנאים מעולים למתאים /ה- רכב צמוד ונייד. העבודה בכל הארץ משכורת ברוטו: 9,500 ₪+שעות נוספות ותנאים סוציאלים,אחזקת טלפון, רכב",דרישות התפקיד תעודה רלוונטית של הנדסאי /ת חשמל - חובה. חשמלאי/עוזר חשמלאי יוצאי /ות המערך הטכני של חיל האוויר- יתרון.,הנדסה & הנדסאי/ת חשמל & הנדסאי/ת אלקטרוניקה,https://www.drushim.co.il/job/30485085/9aaca1c2/
טכנאי/ת שירות שטח למערכות גילוי אש,"להבות שרותים בע""מ","תיאור משרה לחברת להבות שרותים בע""מ המובילה בתחום גילוי וכיבוי אש, דרוש/ה טכנאי/ת שירות למערכות גילוי אש, למתן שירות ואחזקה ללקוחות החברה של סניפנו בשילת. העבודה היא בשטח באזור ירושלים והדרום.",דרישות התפקיד חשמלאי/ מוסמך/ת או טכנאי/ת אלקטרוניקה – חובה. בעל/ת ניסיון בתחום גילוי וכיבוי אש לפחות שנה – חובה. בעל/ת הסמכות בתחום ממכון התקנים – יתרון. בעל/ת רישיון נהיגה – חובה. בעל/ת תודעת שירות גבוהה.,בעלי מקצוע & טכנאי/ת & טכנאי/ת מתח נמוך & חשמלאי,https://www.drushim.co.il/%D7%93%D7%A8%D7%95%D7%A9%D7%99%D7%9D-657726-%D7%9C%D7%94%D7%91%D7%95%D7%AA-%D7%A9%D7%A8%D7%95%D7%AA%D7%99%D7%9D/
טכנאי /ת /הנדסאי /ת אלקטרוניקה ל-Debug,BMK,"תיאור משרה לBMK, חברה גלובלית לייצור אלקטרוני, דרוש /ה טכנאי /ת / הנדסאי /ת אלקטרוניקה לתפקיד debug - איתור ותיקון תקלות עד רמת רכיב, ביצוע בדיקות מערכות, בדיקות של כרטיסים אלקטרונים, כולל אבחון ותיקון של תקלות. עבודה במשרה מלאה, תנאים טובים למתאים /ה. מערך הסעות מאזור כרמיאל, עכו, נהריה, מעלות והסביבה.",דרישות התפקיד - טכנאי /ת / הנדסאי /ת אלקטרוניקה. - ניסיון באלקטרוניקה בתחום ה Debug. - ידע וניסיון מעמיק בניתוח תקלות ברמת רכיב. - ידע והבנה בקריאת שרטוטים חשמליים. - אנגלית ברמה טובה.,תעשיה / ייצור & חשמל ואלקטרוניקה,https://www.drushim.co.il/%D7%93%D7%A8%D7%95%D7%A9%D7%99%D7%9D-918463-cbt--bmk-group/
טכנאי /ת /הנדסאי /ת אלקטרוניקה ל-Debug,BMK,"תיאור משרה לBMK, חברה גלובלית לייצור אלקטרוני, דרוש /ה טכנאי /ת / הנדסאי /ת אלקטרוניקה לתפקיד debug - איתור ותיקון תקלות עד רמת רכיב, ביצוע בדיקות מערכות, בדיקות של כרטיסים אלקטרונים, כולל אבחון ותיקון של תקלות. עבודה במשרה מלאה, תנאים טובים למתאים /ה. מערך הסעות מאזור כרמיאל, עכו, נהריה, מעלות והסביבה.",דרישות התפקיד - טכנאי /ת / הנדסאי /ת אלקטרוניקה. - ניסיון באלקטרוניקה בתחום ה Debug. - ידע וניסיון מעמיק בניתוח תקלות ברמת רכיב. - ידע והבנה בקריאת שרטוטים חשמליים. - אנגלית ברמה טובה.,הנדסה & הנדסאי/ת אלקטרוניקה,https://www.drushim.co.il/%D7%93%D7%A8%D7%95%D7%A9%D7%99%D7%9D-918463-cbt--bmk-group/
טכנאי/ת שירות - חשמלאי/ת בעל/ת תעודה,- חסוי -,"תיאור משרה לחברה מובילה בתחום המעליות דרוש/ה טכנאי/ת שרות-חשמלאי/ת בעל/ת תעודה טיפול ותיקון מערכות בלוחות פיקוד תיקונים מכאניים קלים במכלולי המעלית הכשרה תינתן ע""י החברה (כחצי שנה) רכב צמוד וטלפון נייד בסיום ההכשרה משרה מלאה כולל תורנויות בסופי שבוע תנאים טובים למתאימים/ות - עובד חברה מהיום הראשון , קרן השתלמות , ביטוח פנסיוני , סיבוס, ימי גיבוש , נופש חברה , שי בחגים.",דרישות התפקיד רישיון רכב - חובה חשמלאי/ת בעל/ת תעודה - חובה! בעל/ת רקע טכני יכול להתאים גם למועמדים/ות ללא ניסיון בענף המעליות,בעלי מקצוע & טכנאי/ת מעליות & חשמלאי & טכנאי/ת,https://www.drushim.co.il/job/30491792/020b9321/
טכנאי/ת שירות ותחזוקה - צוות צפון,אל-מור אנרגיות מתחדשות,"תיאור משרה לחברת אלמור אנרגיות מתחדשות דרוש/ה טכנאי/ת למחלקת שירות ותחזוקה ! התפקיד כולל: * תפעול ותחזוקה של אתרים סולריים. * מעקב ובקרה אחרי בדיקות. * תמיכה בפרויקטים לאחר מסירה ללקוח – תקלות, תחזוקה מונעת, תחזוקת שבר, ביקורות שוטפות. * טיפול בתקלות חשמליות -DC/AC * פיקוח על קבלני משנה. עבודת שטח מלאה נדרשת זמינות לסופי שבוע וחגים (כוננות כאחת לחודש)",דרישות התפקיד 1. רישיון חשמל מוסמך ומעלה– חובה. 2. רישיון נהיגה בתוקף – חובה. 3. ניסיון בתחום ה PV/סולארי – עדיפות. 4. בעל רישיון חשמלאי מסויג מתח גבוה – עדיפות,בעלי מקצוע & חשמלאי & אחזקה & טכנאי/ת,https://www.drushim.co.il/%D7%93%D7%A8%D7%95%D7%A9%D7%99%D7%9D-3492279-%D7%90%D7%9C%D7%9E%D7%95%D7%A8-%D7%90%D7%A0%D7%A8%D7%92%D7%99%D7%95%D7%AA-%D7%9E%D7%AA%D7%97%D7%93%D7%A9%D7%95%D7%AA/
טכנאי.ת מיזוג אויר,בזק,"תיאור משרה אחזקת מערכות מיזוג אוויר, יט""אות ,מערכות מיני מרכזיות, VRF צ’ילרים, מפוצלים, מפוחים וכ’ו ביצוע אחזקה מונעת ושבר, ליווי קבלנים ועוד התקנת מזגנים ופיקוח על קבלנים משרה מלאה: א'-ה' 07:00-16:00 נדרשת גמישות לקריאות בעת חירום",דרישות התפקיד תעודת הנדסאי.ת/טכנאי.ת קירור ומיזוג אויר – חובה רישיון חשמלאי.ת מוסמך.ת – חובה ניסיון של 3 שנים לפחות בתחום קירור יכולת קריאה של תכניות ביצוע יכולת התמודדות עם מערכות פיקוד ובקרה הכרה והבנה באביזרים מכניים יכולת הבנה מערכתית ודיאגנוזה לאיתור תקלות,בעלי מקצוע & טכנאי/ת מיזוג אוויר & חשמלאי,https://www.drushim.co.il/%D7%93%D7%A8%D7%95%D7%A9%D7%99%D7%9D-11180-%D7%91%D7%96%D7%A7/
דרוש/ה טכנאי/ת מכשירי חשמל ביתיים עבודת שטח עם רכב,קבוצת פל מרכז,"תיאור משרה יש לך רקע וחוש טכני?? רוצה להרוויח מזה המון כסף? ואפילו לקבל רכב טלפון מקומך איתנו. לארגון העוסק במוצרי צריכה (מוצרי חשמל ביתיים) דרוש /ה טכנאי /ת שטח מוצרים לבנים במסגרת התפקיד: לתקן את המוצר בבית לקוח מכירת מוצרים נלווים והרחבת אחריות על המוצר החשמלי משרה מלאה נוספות. תנאים מעולים למתאימים /ות. קליטה ישירה לארגון. הכשרה מלאה תינתן על ידי החברה. שכר בסיס גבוה בונוסים עוד בחברה: ערבי צוות, ערבי גיבוש, מתנות בחגים, מתנות בימי הולדת וכד..",דרישות התפקיד רקע טכני - חובה שירותיות- חובה. תעודת חשמלאי /ת- יתרון. יוצאי/ות חיל האוויר- יתרון. ניסיון במכירות- יתרון משמעותי,בעלי מקצוע & טכנאי/ת גז & חשמלאי & טכנאי/ת,https://www.drushim.co.il/%D7%93%D7%A8%D7%95%D7%A9%D7%99%D7%9D-1961126-%D7%A7%D7%91%D7%95%D7%A6%D7%AA-%D7%A4%D7%9C/
טכנאי/ת שירות ותחזוקה - צוות דרום,אל-מור אנרגיות מתחדשות,"תיאור משרה לחברת אלמור אנרגיות מתחדשות דרוש/ה טכנאי/ת למחלקת שירות ותחזוקה ! התפקיד כולל: * תפעול ותחזוקה של אתרים סולריים. * מעקב ובקרה אחרי בדיקות. * תמיכה בפרויקטים בשלבי ההקמה – עבודה מול מנהלי הפרויקטים. * תמיכה בפרויקטים לאחר מסירה ללקוח – תקלות, תחזוקה מונעת, תחזוקת שבר, ביקורות שוטפות. * טיפול בתקלות חשמליות -DC/AC * פיקוח על קבלני משנה. עבודת שטח מלאה נדרשת זמינות לעבודה בסופי שבוע וחגים (כוננות כאחת לחודש)",דרישות התפקיד 1. רישיון חשמל מוסמך ומעלה– חובה. 2. רישיון נהיגה בתוקף – חובה. 3. ניסיון בתחום ה PV/סולארי – עדיפות. 4. בעל רישיון חשמלאי מסויג מתח גבוה – עדיפות,הנדסה & הנדסאי/ת חשמל & מהנדס/ת חשמל,https://www.drushim.co.il/%D7%93%D7%A8%D7%95%D7%A9%D7%99%D7%9D-3492279-%D7%90%D7%9C%D7%9E%D7%95%D7%A8-%D7%90%D7%A0%D7%A8%D7%92%D7%99%D7%95%D7%AA-%D7%9E%D7%AA%D7%97%D7%93%D7%A9%D7%95%D7%AA/
דרוש/ה טכנאי/ת אלקטרוניקה,און גרד,תיאור משרה לבית זיקוק דרוש/ה טכנאי/ת אלקטרוניקה. 1. ביצוע עבודות אחזקה ותיקונים ( מכל הסוגים ) בציוד האלקטרוני 2. ביצוע עבודות אחזקה ברשתות ובציוד הבקרה 3. ביצוע עבודות התקנה ושינויים של אביזרי וציוד מכשור של רשתות הבקרה והיציאות מהם אל השטח. 4. היכרות טכנית עם בדיקות לסיבים אופטיים עובדי חברה מהיום הראשון + תנאי הסכם קיבוצי,"דרישות התפקיד 1. הנדסאי/טכנאי אלקטרוניקה בעל/ת ניסיון של 3 שנים בתחום מכשור/ אלקטרוניקה – יתרון 2. הבנה טכנית 3. היכרות טכנית וטיפול בתקלות תקשורת 4. היכרות טכנית וביצוע בדיקות תקינות לסיבים אופטיים 5. הכרת מכשירי בדיקה אלקטרוניים : סקופ, תכנת HART, FLUK, ALTEK 6. הכרת מכשירי מדידה הקיימים במפעל 7. הכרת עבודה עם מחשב נייד ומחשב אישי.",הנדסה & הנדסאי/ת אלקטרוניקה & מהנדס/ת חשמל & הנדסאי/ת חשמל,https://www.drushim.co.il/%D7%93%D7%A8%D7%95%D7%A9%D7%99%D7%9D-66047-%D7%90%D7%95%D7%9F-%D7%92%D7%A8%D7%93/
דרוש/ה טכנאי/ת מיזוג אוויר,- חסוי -,"תיאור משרה לחברה להשכרת מזגנים דרוש/ה טכנאי/ת למערכות מיזוג אוויר יחידות פאקטצ', צ'ילרים ומזגנים ניידים. העבודה במשרה מלאה, ימי עבודה א'-ו'. תנאים טובים למתאימים!",דרישות התפקיד ניסיון בתחום- חובה,בעלי מקצוע & טכנאי/ת מיזוג אוויר & טכנאי/ת,https://www.drushim.co.il/job/30429016/4e37bfd4/
(YB) טכנאי/ת PC- משרה זמנית,Elad Software,תיאור משרה אלעד מערכות מגייסים טנאי/ת PC לארגון מוביל במרכז הארץ  - משרה זמנית ומיידית,דרישות התפקיד דרישות:  - ניסיון של לפחות שנה בתמיכה -ניסיון בטיפול בתקלות ציוד וחומרה - טיפול בציודי קצה,הייטק-כללי & טכנאי/ת מחשבים & HELP DESK / תמיכה,https://www.drushim.co.il/%D7%93%D7%A8%D7%95%D7%A9%D7%99%D7%9D-6390-elad-group/
טכנאי/ת PC לעיריית רמת גן - חובה רשיון קטנוע,ONE City,"תיאור משרה עבודה בצוות טכנאים מתן תמיכה טכנית שוטפת לעובדי העירייה- ביצוע התקנות, הדרכות, פתרון בעיות חומרה ותקשורת. יכולת לימוד מהיר, אחריות, אמינות ומהימנות אישית. משרה מלאה","דרישות התפקיד בעל תעודת טכנאי PC ממוסד מוכר. נסיון בפתרון בתקלות תוכנה וחומרה. נסיון בפתרון תקלות הדפסה ורשת. היכרות עם תוכנות אופיס ברמה אירגונית. נסיון בהתקנת מחשבים חדשים ע""י הפצת IMGE. נסיון בעבודה ברשת מחשבים ארגונית, Active Directory - יתרון. נכונות לעבודה פיזית. בעל רשיון עבודה בתוקף. רשיון קטנוע - חובה נכונות לתורנות במשמרת ערב \ לילה אחת לחודש",הייטק-כללי & טכנאי/ת מחשבים & איש/ת IT & HELP DESK / תמיכה,https://www.drushim.co.il/%D7%93%D7%A8%D7%95%D7%A9%D7%99%D7%9D-28697-%D7%94%D7%97%D7%91%D7%A8%D7%94-%D7%9C%D7%90%D7%95%D7%98%D7%95%D7%9E%D7%A6%D7%99%D7%94/
"טכנאי.ת בד""ס לחברת הייטק גלובאלית בכפר סבא",אייטק מערכות,"תיאור משרה הנדסאי אלקטרוניקה למחלקת בדיקות ואינטגרציה של כרטיסים ומערכות זמן-אמת משולבי מיקרו-פרוססורים, מעגלי גרפיקה, מעגלים אנלוגיים ודיגיטליים. התפקיד כולל: בדיקות מקדימות לכרטיסים חדשים המגיעים מקבלני משנה, צריבות רכיבים, הרצת כרטיסים, אינטגרצייה של מכלולים, ביצוע בדיקות תנאי סביבה (ESS ), תיקון תקלות.","דרישות התפקיד - ניסיון טכני מעשי וידע מעמיק באלקטרוניקה ברמת דרג ד'– חובה - הבנה במעגלים דיגיטלים ואנלוגיים - חובה - אנגלית ברמה טובה- חובה - ניסיון בתפעול ושימוש באמצעי בדיקה כגון: Digital Scope, DVM – חובה Signal Generator, VME Analyzer, PCI Analyzer - יתרון - הכרת תוכנת Office-outlook – חובה - ניסיון בקריאת שרטוטי ORCAD – חובה - ידע וניסיון בהרצת אינטגרציה של מכלולים – יתרון - ידע והבנה במעגלי גרפיקה - יתרון - נסיון בבדיקות JTAG/B. Scan – יתרון - נסיון בצריבות רכיבים ALTERA, Lattice, EPROM) וכו') - יתרון",הייטק-חומרה & הנדסאי/ת אלקטרוניקה & תעשיה / ייצור & טכנאי/ת - תעשייה וייצור & חשמל ואלקטרוניקה,https://www.drushim.co.il/%D7%93%D7%A8%D7%95%D7%A9%D7%99%D7%9D-2855437-%D7%90%D7%99%D7%99%D7%98%D7%A7-%D7%9E%D7%A2%D7%A8%D7%9B%D7%95%D7%AA/
טכנאי/ת PC,matrix,"תיאור משרה למפעל גדול באשדוד דרוש/ה טכנאי PC מתן מענה טלפוני ופרונטלי, עבודה כחלק מצוות  הרכבה/פירוק של מחשבים, טיפול בתקלות חומרה ותוכנה",דרישות התפקיד ניסיון בתמיכה טכנית ניסיון בעבודה עם active directory אנגלית ברמה טכנית,הייטק-כללי & HELP DESK / תמיכה & טכנאי/ת מחשבים,https://www.drushim.co.il/%D7%93%D7%A8%D7%95%D7%A9%D7%99%D7%9D-4002163-%D7%A2%D7%A8%D7%9F/
דרוש/ה טכנאי/ת מעליות - שטח,"שינדלר ישראל בע""מ","תיאור משרה דרוש/ה טכנאי מעליות לחברה גלובאלית בתחום המעליות והדרגנועים מה התפקיד כולל: איתור ותיקון תקלות,טיפול ואחזקה שוטפת של המעליות. עבודת שטח פיזית מה אנחנו מציעים: קרן השתלמות, סיבוס, בונוסים, משכורת 13! אירועי חברה רווחה וגיבוש קורסים והכשרות להתפתחות אישית ומקצועית",דרישות התפקיד השכלה בתחום החשמל (הנדסאי חשמל/חשמלאי מוסמך)- יתרון משמעותי ניסיון ורקע טכני ופיזי- חובה רישיון נהיגה- חובה ניסיו בעבודה מכנית/ הרכבות/ ריתוך/ מסגרות/ חשמל/ חציבות ניסיון מחברת מעליות- יתרון משמעותי,בעלי מקצוע & טכנאי/ת מעליות,https://www.drushim.co.il/%D7%93%D7%A8%D7%95%D7%A9%D7%99%D7%9D-2820838-%D7%A9%D7%99%D7%A0%D7%93%D7%9C%D7%A8-%D7%A0%D7%97%D7%95%D7%A9%D7%AA%D7%9F-%D7%9E%D7%A2%D7%9C%D7%99%D7%95%D7%AA/
טכנאי/ת אולטרסאונד גינקולוגי למרפאת מודיעין עילית,קופת חולים מאוחדת.,"תיאור משרה ביצוע בדיקות אולטרה-סאונד שונות: מעקבי זקיקים, סקירת אגן קטן, מעקבי הריון (שליש ראשון, טרמ' שני/שלישי, הריון עודף, דופלר בהריון).         אחריות על העברת התיעוד למערכת הממוחשבת","דרישות התפקיד השכלה: טכנאי/ת אולטרה סאונד גינקולוגי, בוגר/ת מכללה/בי""ס לטכנולוגיה רפואית, כולל תקופת סטאז' של 12 חודשים לפחות באולטרה סאונד גינקולוגי ומילדותי. תעודת גמר טכנולוג רפואי במגמת מכשור רפואי אשר עומד/ת בדרישות המפורטות בחוזר מנכ""ל משרד הבריאות 24/01 לגבי טכנולוגים רפואיים, או בדרישות חוזר מנכ""ל עדכני יותר בנושא זה. ניסיון: ניסיון מעשי מוכח של שנה לפחות בביצוע כל טווח הבדיקות באולטרה סאונד מילדותי וגניקולוגי, המוגדרות לבצוע ע""י טכנאים/ות ידע: בעל/ת ידע מעודכן בתחום הדינמי של אולטרה סאונד מילדותי וגינקולוגי  המשרה מיועדת לנשים ולגברים כאחד תינתן עדיפות למועמדים/ות עם מוגבלות נא צרף/י תעודות השכלה והכשרה רלבנטיים",רפואה / בריאות & טכנאי/ת מכשור רפואי & טכנאי/ת רנטגן,https://www.drushim.co.il/%D7%93%D7%A8%D7%95%D7%A9%D7%99%D7%9D-3880848-%D7%A7%D7%95%D7%A4%D7%AA%D7%97%D7%95%D7%9C%D7%99%D7%9D%D7%9E%D7%90%D7%95%D7%97%D7%93%D7%AA-%D7%9E%D7%97%D7%95%D7%96%D7%99%D7%A8%D7%95%D7%A9%D7%9C%D7%99%D7%9D/
טכנאי/ת לתיקון והתקנה של מכשירים רפואיים,גטר גרופ,"תיאור משרה לחברת גטר גרופ דרוש/ה טכנאי/ת לתיקון והתקנה של מכשירים רפואיים (מקררים, מקפיאים, מדיחים) בעל/ת ידע וניסיון קודם בתחום הקירור, חשמל, אלקטרוניקה.",דרישות התפקיד - ניסיון במתן שרות ללקוחות ברחבי הארץ. - ניסיון בעבודה טכנית. - ידע בקירור/ חשמל/ ואלקטרוניקה. - טכנאי/הנדסאי יתרון. - אנגלית טכנית.,בעלי מקצוע & טכנאי/ת & מתקינים & רפואה / בריאות & טכנאי/ת מכשור רפואי,https://www.drushim.co.il/%D7%93%D7%A8%D7%95%D7%A9%D7%99%D7%9D-5766-%D7%92%D7%98%D7%A8-%D7%92%D7%A8%D7%95%D7%A4/
טכנאי/ת לחברה מובילה בתחום מערכות טכנולוגיות,"ברייטאץ ישראל בע""מ",תיאור משרה דרוש/ה טכנאי/ת לחברה מובילה בתחום מערכות טכנולוגיות התפקיד כולל : התקנה ושרות למערכות מצלמות אבטחה/ מערכות אזעקה/ אינטרקום/ רשתות מחשבים,"דרישות התפקיד - ניסיון בתחום ההתקנות/שרות למצלמות אבטחה, מערכות אזעקה, אינטרקום ורשתות מחשבים - חובה - ניסיון בתחום מתח נמוך, הסמכות למערכות שונות - יתרון - יכולת עבודה עצמאית ובצוות - אחריות, דייקנות ותשומת לב לפרטים - מתן שרות ופתרונות מיוחדים - רישיון רכב בתוקף ( קבלת רכב צמוד לעובד) העבודה באזור באר שבע והסביבה ( משרדי החברה בפתח תקווה )",בעלי מקצוע & טכנאי/ת מתח נמוך & טכנאי/ת,https://www.drushim.co.il/%D7%93%D7%A8%D7%95%D7%A9%D7%99%D7%9D-3958596-%D7%91%D7%A8%D7%99%D7%99%D7%98%D7%90%D7%A5%D7%99%D7%A9%D7%A8%D7%90%D7%9C/
טכנאי/ת מיזוג אוויר בפריסה ארצית - רכב צמוד!,אלקטרה מוצרי צריכה מקצועי,תיאור משרה אלקטרה מגייסת טכנאי/ת מיזוג אוויר בפריסה ארצית! איך יראה היום שלך ? - מענה לקריאות שירות וטיפול בתקלות ותחזוקה של מוצרי מזגני אלקטרה. - עבודה עצמאית בשטח עם רכב צמוד. הזדמנות להשתלב בחברה המובילה בישראל ולפתח קריירה. קליטה כעובד/ת חברה מהיום הראשון / תנאים סוציאליים מעולים / משרה לטווח ארוך.,"דרישות התפקיד - תעודת טכנאי מיזוג אוויר - חובה. - ניסיון במיזוג, החלפות והתקנות מזגנים- יתרון - יכולת לעבוד עבודה פיזית מאומצת לעיתים קרובות. - מודעות שרירותיות וסבלנות.",בעלי מקצוע & טכנאי/ת מיזוג אוויר,https://www.drushim.co.il/%D7%93%D7%A8%D7%95%D7%A9%D7%99%D7%9D-3666338-%D7%90%D7%9C%D7%A7%D7%98%D7%A8%D7%94-%D7%9E%D7%95%D7%A6%D7%A8%D7%99-%D7%A6%D7%A8%D7%99%D7%9B%D7%94-%D7%9E%D7%A7%D7%A6%D7%95%D7%A2%D7%99/
טכנאי/ת שטח רכב צמוד תנאים טובים,- חסוי -,"תיאור משרה לחברת מעליות במרכז הארץ דרושים/ות טכנאים / אנשי שיפוצים / אנשי טיפולים עם ניסיון (אפשרות לעוזרי/ות שיפוצים ללא / עם ניסיון) לעבודה מעניינת, מאתגרת ומתגמלת שכר מעולה + רכב צמוד בגמר ההכשרה לטכנאים/ אנשי שיפוצים/ אנשי טיפולים.",דרישות התפקיד ניסיון בעבודה בתחום המעליות יתרון רקע טכני קודם יתרון ידע בחשמל - יתרון,בעלי מקצוע & אחזקה & טכנאי/ת מעליות & חשמלאי & תעשיה / ייצור & חשמל ואלקטרוניקה & טכנאי/ת - תעשייה וייצור & תחזוקה,https://www.drushim.co.il/job/30534694/7d22c076/
טכנאי/ת מערכות מיזוג אוויר וקירור,ישקר,"תיאור משרה לחברת ישקר דרוש/ה טכנאי מיזוג אוויר. התפקיד כולל תחזוקה מונעת ותחזוקת שבר של מערכות המיזוג והקירור התעשייתיים בהתאם לתוכניות עבודה. כמו כן, אבחון וטיפול בתקלות מורכבות בצ'ילרים, יט""אות, משאבות, ומערכות DX מורכבות.","דרישות התפקיד * תעודת טכנאי מיזוג אוויר + תעודת חשמלאי מוסמך – חובה. * ניסיון קודם בתחזוקת מערכות קירור ומ""א תעשייתיות - שנתיים לפחות. * ידע במערכות בקרה וחשמל. * אנגלית טכנית ברמה טובה. * זמינות למשרה מלאה + נכונות לקריאות בשעות לא שגרתיות. * המודעה מיועדת לגברים ונשים כאחד.",בעלי מקצוע & טכנאי/ת מיזוג אוויר,https://www.drushim.co.il/%D7%93%D7%A8%D7%95%D7%A9%D7%99%D7%9D-14195-%D7%99%D7%A9%D7%A7%D7%A8/
"טכנאי/ת / עובד/ת ייצור,עבודה לטווח ארוך!",- חסוי -,"תיאור משרה לחברה בתחום הציוד הרפואי הממוקמת באזור התעשייה באר טוביה, דרוש/ה טכנאי/ת / עובד/ת ייצור היקף משרהמלאה עבודה לטווח ארוך! מתאים כתפקיד ראשוני , רצון ללמוד ולהתפתח!",דרישות התפקיד חוש טכני - חובה יחסי אנוש מעולים,תעשיה / ייצור & טכנאי/ת - תעשייה וייצור & עובד/ת ייצור,https://www.drushim.co.il/job/30571421/526b6a0e/
טכנאי /ת שירות למעבדת התיקונים של חברת הילתי,הילתי ישראל,"תיאור משרה דרוש /ה טכנאי /ת שירות למעבדת שירות הכלים של חברת Hilti על התפקיד : אנו מחפשים טכנאי שירות שיצטרף לצוות מרכז שירות הכלים החדשני והייחודי שלנו בפתח תקווה. תפקידו של הטכנאי לתקן ממגוון כלי העבודה הטובים בעולם לפי הסטנדרטים וההנחיות של Hilti העולמית כטכנאי שירות תוכל: * לתקן מגוון רחב של כלי עבודה. * למלא את בקשת הלקוח תוך הקפדה על איכות עלות וזמן התיקון, באמצעות שימוש במגוון מכונות, ציוד וכלים ייחודיים ובכפוף להנחיות המקצועיות. * לדאוג לניהול וסידור של מלאי חלקי החילוף. * ביצוע בדיקות איכות ובטיחות בהתאם להנחיות הילתי","דרישות התפקיד מה שאתה צריך זה: * הבנה של התחום הטכני / פונקציונלי חוש טכני, ניסיון ביישום ידע טכני * ניסיון רלוונטי (טכנאי שירות/מכונאות/ מוסך/ניסיון מהצבא וכדומה..) * מחויבות ללמידה מתמשכת, גישה חיובית לעבודת צוות, שיפור מתמיד ותשוקה לשביעות רצון הלקוח * אנגלית טובה * יתרון: לימודי תעודה בנושאים טכניים (הנדסאי מכונות/חשמל או דומיהם) ** יש לנו ניסיון רב עם אנשים שהגיעו ללא ניסיון ממושך בתחום וכיום הם מהמובילים בתחומם. משרה מלאה א’-ה’ 8-17 המעבדה ממוקמת באזור תעשיה סגולה בפתח תקווה. עבודה יציבה לטווח רחוק.",תעשיה / ייצור & טכנאי/ת - תעשייה וייצור & מכונאי/ת,https://www.drushim.co.il/%D7%93%D7%A8%D7%95%D7%A9%D7%99%D7%9D-574468-%D7%94%D7%99%D7%9C%D7%AA%D7%99-%D7%99%D7%A9%D7%A8%D7%90%D7%9C/
טכנאי/ת קירור ומיזוג מעולה,- חסוי -,"תיאור משרה לחברת קירור ומיזוג אוויר בדרום דרוש/ה טכנאי/ת קירור ומיזוג מעולה: משרה מלאה ימים א'-ה' 08:00-17:00 ימי ו' 08:00-13:00 וגם אפשרות לבונוסים על פי יעדים ומדדים לעבודה. עבודת שטח. עבודה עם מערכות אלקטרו מכאניות מורכבות כגון צילרים, מערכות VRF מערכות קירור , מערכות פיקוד ובקרה.","דרישות התפקיד תעודת חשמלאי - חובה. תעודת טכנאי קירור/מיזוג / ניסיון כטכנאי מיזוג/קירור. יכולת עבודה בצוות , שירותיות , אחריות , יחסי אנוש , מקצועיות. תנאים מעולים, שכר גבוהה , חברה שהיא כמו משפחה. אופציות קידום ותנאים מעולים!!!!!!  טווח שכר 15000 פלוס בונוסים ובניית שכר על פי מדרגות לבונוסים",בעלי מקצוע & טכנאי/ת מיזוג אוויר & טכנאי/ת,https://www.drushim.co.il/job/30451018/e0339fbd/
טכנאי.ת גנרטורים ומערכות כוח במחלקת ליבה צפון,בזק,"תיאור משרה התקנה , אחזקה וטיפול מונע בגנרטורים. התקנה , הפעלה ואחזקה של מערכות כוח. הפעלה אחזקה וטיפול במערכות מיזוג. אחזקת מנע במערכות כוח בארונות רחוב. פעילות בחדרי אגריגציה / ארונות רחוב / נישות וחדרי לקוח.","דרישות התפקיד תעודת חשמלאי.ת מוסמך בתוקף הכשרות וניסיון במכונאות תפעול ואחזקת גנרטורים הכרה ושליטה במערכות חשמל ומיזוג הכרה ושליטה במערכות כוח יכולת עבודה פיזית בשטח ובחדרים תעודת הנדסאי.ת/ מהנדס.ת חשמל זמינות 24/7 ניידות – רישיון נהיגה חובה כישורים נדרשים: יכולת עבודה בתנאי לחץ וניהול משימות מרובות בו-זמנית. הובלה ,יוזמה ויכולת תכנון וראיה מערכתית בביצוע משימות. יכולת למידה גבוהה תוך כדי ביצוע משימות. גמישות מחשבתית וחשיבה יצירתית. תודעת שירות מצוינת. יכולת עבודה בצוות. תקשורת בינאישית גבוהה.",בעלי מקצוע & חשמלאי & אחזקה & טכנאי/ת מיזוג אוויר,https://www.drushim.co.il/%D7%93%D7%A8%D7%95%D7%A9%D7%99%D7%9D-11180-%D7%91%D7%96%D7%A7/
למשרד בלוד דרוש/ה טכנאי/ת מיזוג +רישיון חשמל מוסמך,CBRE,"תיאור משרה התפקיד כולל- * מתן מענה לקריאות שירות וסיוע לעובדי המשרדים. * זיהוי ואבחון תקלות במערכות מיזוג- צילרים, יטאות, פנקולים, מזגנים. * טיפול בתקלות שבר של מתקני מיזוג אוויר וקירור ואחריות מלאה על תחזוקתם השוטפת. * עבודה בשיתוף פעולה עם צוות החשמלאים ועובדי האחזקה במתחם. * עבודה עם קבלנים בהתאם לצורכי האתר ליווי, פיקוח ווידוא תקינות.","דרישות התפקיד תעודת טכנאי מיזוג- חובה רישיון חשמלאי מוסמך בתוקף - חובה ניסיון באחזקת מערכות מיזוג אוויר במבנים גדולים התמחות במזגנים מפוצלים, צילרים ויחידות טיהור אוויר זמינות לקריאות חירום בהתאם לצורך נכונות לעבודה במשרה מלאה.",בעלי מקצוע & חשמלאי & טכנאי/ת מיזוג אוויר & טכנאי/ת,https://www.drushim.co.il/%D7%93%D7%A8%D7%95%D7%A9%D7%99%D7%9D-3856604-cbre-%D7%A8%D7%9E%D7%95%D7%AA%D7%9E%D7%90%D7%A0%D7%99%D7%94%D7%95%D7%9C%D7%95%D7%AA%D7%97%D7%96%D7%95%D7%A7%D7%94/
טכנאי.ת גנרטורים ומערכות כוח במחלקת ליבה צפון,בזק,"תיאור משרה התקנה , אחזקה וטיפול מונע בגנרטורים. התקנה , הפעלה ואחזקה של מערכות כוח. הפעלה אחזקה וטיפול במערכות מיזוג. אחזקת מנע במערכות כוח בארונות רחוב. פעילות בחדרי אגריגציה / ארונות רחוב / נישות וחדרי לקוח.","דרישות התפקיד תעודת חשמלאי.ת מוסמך בתוקף הכשרות וניסיון במכונאות תפעול ואחזקת גנרטורים הכרה ושליטה במערכות חשמל ומיזוג הכרה ושליטה במערכות כוח יכולת עבודה פיזית בשטח ובחדרים תעודת הנדסאי.ת/ מהנדס.ת חשמל זמינות 24/7 ניידות – רישיון נהיגה חובה כישורים נדרשים: יכולת עבודה בתנאי לחץ וניהול משימות מרובות בו-זמנית. הובלה ,יוזמה ויכולת תכנון וראיה מערכתית בביצוע משימות. יכולת למידה גבוהה תוך כדי ביצוע משימות. גמישות מחשבתית וחשיבה יצירתית. תודעת שירות מצוינת. יכולת עבודה בצוות. תקשורת בינאישית גבוהה.",בעלי מקצוע & חשמלאי & אחזקה & טכנאי/ת מיזוג אוויר,https://www.drushim.co.il/%D7%93%D7%A8%D7%95%D7%A9%D7%99%D7%9D-11180-%D7%91%D7%96%D7%A7/
חשמלאי/ת / טכנאי/ת שטח,"שי מגן מלגזות בע""מ","תיאור משרה לחברה באזור המרכז הארץ המתעסקת עם ציוד מכני הנדסי דרוש/ה חשמלאי/ת שירות שטח המשרה משלבת תיקון הציוד הנדסי , איתור ואבחון תקלות בשטח , עבודה עם ציוד בדיקה תחזוקה שוטפת .","דרישות התפקיד ידע בחשמל ידע בתחזוקת מכונות הנדסאי אלקטרוניקה/מכונות- יתרון משמעותי יכולת קריאת שרטוטים חשמלאים ועבודה עם מערכות הידראוליות רישיון נהיגה בתוקף- חובה (רישיון ג' יתרון) ניסיון קודם בתיקון כלי צמ""ה – יתרון אנגלית טובה. שעות עבודה 7:00-16:10 ימים א-ה","רכב / תחבורה & חשמלא/ית רכב & מכונאי/ת רכב & מפעיל/ת צמ""ה",https://www.drushim.co.il/job/30434089/e2fdb63e/
"טכנאי/ת בד""ס/דיבגר לחברה העוסקת בייצור אלקטרוני","באיה טכנולוגיות בע""מ","תיאור משרה לחברת באיה טכנולוגיות בפ""ת, העוסקת בייצור אלקטרוני דרוש/ה תיאור התפקיד: בדיקות כרטיסים אלקטרוניים ותיקונם","דרישות התפקיד ידע בקריאת שרטוטים חשמליים ניסיון בבדיקות פונקציונליות של מעגלים חשמליים ניסיון בעבודה עם צב""ד ניסיון בתיקון מעגלים ברמת הרכיב – יתרון ניסיון בפריורטי-יתרון יכולת למידה יחסי אנוש טובים",תעשיה / ייצור & חשמל ואלקטרוניקה & טכנאי/ת - תעשייה וייצור,https://www.drushim.co.il/%D7%93%D7%A8%D7%95%D7%A9%D7%99%D7%9D-2296115-%D7%91%D7%90%D7%99%D7%94-%D7%98%D7%9B%D7%A0%D7%95%D7%9C%D7%95%D7%92%D7%99%D7%95%D7%AA/
בתל אביב ! טכנאי/ת סלולר במעבדה מרכזית,HOT mobile,"תיאור משרה תיקון מכשירים סלולריים במעבדה המרכזית ותגבור במרכזי שירות עבודה מול המערכות של אפל וסמסונג, עבודה עם ציוד מתקדם מתן שירות ומענה טכני ללקוחות במרכז שירות מתן מענה מקצועי עבור נציגים במרכז עמידה ביעדי איכות ושירות SLA, תעדוף שוטף של משימות","דרישות התפקיד ניסיון בתיקון ציוד קצה סלולרי - חובה ניסיון בהלחמות ותיקון דרג ג,ד – יתרון ניידות בתדירות גבוהה בין מרכזי השירות יכולת ניהול עצמי גבוהה מאד, תודעת שירות גבוהה ניסיון בשירות ללקוח וסגירת הטיפול מקצה לקצה ידע בסיסי במחשבים ו OFFICE, ERP - יתרון אנגלית טכנית",בעלי מקצוע & טכנאי/ת סלולר,https://www.drushim.co.il/%D7%93%D7%A8%D7%95%D7%A9%D7%99%D7%9D-1032596-hot-mobile/
לנמל הדרום באשדוד דרוש/ה טכנאי/ת חשמל,- חסוי -,"תיאור משרה • מתח גבוה – טיפול בציודי מתח גבוה, כיולי ממסרי הגנה ולוגיות • מתח נמוך + מערכות אוטומטיות משולבות מערכתית • מערכות בקרה וציודי בקרה ומחשוב • חשמל מבנים – גנרטורים, מערכות סנכרון, מערכות סקאדה ומכשור מתקדם פיקודים ומתח נמוך מאוד • למתאימים תינתן הכשרות וקורסים ייחודים במימון החברה, בנושא חשמל תעשייה ואוטומציה, מתח גבוה, מתח נמוך ובקרה. • העבודה במשמרות 24/6 • תנאים מעולים למתאימים.","דרישות התפקיד • טכנאי / הנדסאי חשמל - חובה. • בעלי רישיון חשמלאי מוסמך ומעלה- חובה. • ניסיון רלוונטי של 3 שנים בתפקיד דומה (חשמל תעשייה) – יתרון משמעותי. • בעל ידע טכני וניסיון באחזקת מערכות משולבות. • מתח גבוה – יתרון (לא חובה) • אנגלית ברמה טובה – הבנה, קריאה וכתיבה. • יכולת קריאה והבנת סכמות חשמל.",בעלי מקצוע & חשמלאי & הנדסה & הנדסאי/ת חשמל,https://www.drushim.co.il/job/30458466/908c7ae4/
טכנאי/ת תמיכה טכנית,קבוצת פל,תיאור משרה לצוות המחשוב של קבוצת פל דרוש/ה איש/ת מחשוב (כפיפות למנהל מערכות מידע). תיאור תפקיד: - עבודה במטה החברה בחולון ובלוד . -• התקנות מחשבים. • עבודה עם AD. • עבודה עם 365. • הגדרות טלפוניה ומחשבים ניידים. • תמיכה אפליקטיבית פנים ארגונית. • הגדרות שרתים של מדפסות וסורקים. • תמיכת פרונטלית בעובדי הארגון (עבודה פנים ארגונית). • טיפול תקלות חומרה,דרישות התפקיד -• ניסיון בטיפול בתקלות חומרה. • ניסיון עם מערכות הפעלה של windows • ניסיון בטיפול בתקלות Office ו-Outlook • ניסיון עם AD-חובה! • יכולת עבודה עצמית ולמידה עצמית. • יכולת עבודה בצוות. • יכולת עבודה עצמית ולמידה עצמית. • הבנה בסיסית ברשתות \ Firewall - יתרון. הסמכה רלוונטית ממוסד מוכר. ניסיון בתפקיד דומה – יתרון. יחסי אנוש טובים.,"הייטק-כללי & מנתח/ת מערכות & HELP DESK / תמיכה & תקשורת / שו""ב",https://www.drushim.co.il/%D7%93%D7%A8%D7%95%D7%A9%D7%99%D7%9D-3315636-%D7%A7%D7%91%D7%95%D7%A6%D7%AA-%D7%A4%D7%9C/
טכנאי.ת פוסט,קבוצת קשת,"תיאור משרה לקבוצת קשת דרוש.ה טכנאי.ת פוסט למשרה במשמרות 5 ימים בשבוע. אחריות על מערך הפוסט, מתן תמיכה טכנית במערכות עריכה: AVID ו-ADOBE",דרישות התפקיד היכרות וניסיון ב-AVID-חובה הבנה בתוכנות ADOBE -יתרון יכולת למידה ויישום יכולת עבודה בצוות תודעת שירות גבוהה מוסר עבודה גבוה,פרסום / מדיה / תקשורת & טכנאי/ת חדר שידור & עורך/ת וידאו / אפטריסט/ית,https://www.drushim.co.il/%D7%93%D7%A8%D7%95%D7%A9%D7%99%D7%9D-1926-%D7%A9%D7%99%D7%93%D7%95%D7%A8%D7%99-%D7%A7%D7%A9%D7%AA/
"דרוש.ה טכנאי.ת הסרת שיער, יפה מקסימוב סניף ר""ג","אמביאנס קוסמטיקה רפואית בע""מ","תיאור משרה מחפש.ת להשתלב בעולם היופי, בחברה המובילה בתחומה? להרוויח שכר מהגבוהים בעולם האסתטיקה? הזדמנות מעולה להכנס לחברה מקצועית ואיכותית- קליניקות יפה מקסימוב בראשון לציון וברמת גן מתרחבות; דרוש.ה טכנאית להסרת שיער בלייזר לביצוע טיפולים בטכנולוגיה המתקדמת בעולם.  בחברה הכשרות מקיפות שיביאו אותך להיות המטפלת הטובה ביותר - הדרכות שירות והדרכות קליניות.  עבודה במשמרות מאד נוחות בימים א-ה וימי ו' לסירוגין.",דרישות התפקיד - ניסיון קודם בתחום הסרת שיער בלייזר,"יופי, טיפוח וספא & מסיר/ת שיער בלייזר & קוסמטיקאי/ת & רופא/ת אסתטיקה",https://www.drushim.co.il/%D7%93%D7%A8%D7%95%D7%A9%D7%99%D7%9D-298930-%D7%90%D7%9E%D7%91%D7%99%D7%90%D7%A0%D7%A1/
מנהל/ת צוות טכנאים - 14-15K + רכב צמוד,חסוי,"תיאור משרה לחברה מובילה המתעסקת במערכות גמרים לבניין דרוש/ה: מנהל/ת צוות טכנאים  במסגרת התפקיד: ניהול שוטף של צוות הטכנאים (5 טכנאים) ווידוא ביצוע של המשימות במקצועיות ובדיוק. הגעה לאתרי החברה בהתאם לנדרש ומתן ייעוץ מקצועי ופתרונות בשטח. אחריות על בקרת איכות העבודה- בקרת איכות בגמר העבודה בצוותי הטכנאים קבלת דוח טכנאי בסיום היום ומעקב אחר פעולות נדרשות: בדיקה של דוחות הטכנאים על בסיס יומי והכנת דוח מסכם הכולל תיקוני ליקויים, תכנון עבודה ואישורי תקינות. מעקב ובקרה אחר הביצוע בשטח על פי נהלים מוגדרים. מלאי וחוסרים: אחריות לבדיקת מלאי הכלים מול צוותי הטכנאים ועדכון גורם רלבנטי o אחריות לעדכון שוטף של חוסרים בשטח  שעות עבודה: ראשון-חמישי 08:00-17:00 (גמיש) תפקיד המשלב משרד+ שטח (60% משרד, 40% שטח) שכר: 14-15K + רכב","דרישות התפקיד דרישות: תעודת חשמלאי ראשי / הנדסאי חשמל- חובה. ידע בקריאת תוכניות לוחות חשמל ותוכניות שטח- חובה. ניסיון קודם בניהול צוותים- חובה. אסרטיביות, יוזמה, ראש גדול, יכולת סדר וארגון והבנת השטח.",הנדסה & מהנדס/ת חשמל & הנדסאי/ת חשמל & מהנדס/ת מכונות,https://www.drushim.co.il/job/30424152/5094bb8c/
טכנאי.ת רשת,- חסוי -,תיאור משרה תמיכה ברמה 2 (Second Level Support) אשר כוללת: מתן סיוע למוקדנים הטכנים במוקד הטלפוני הקיים בחברה. גורם מקשר בין מרכז התמיכה ומחלקות הפיתוח בחברה. מתן תמיכה טלפונית ללקוחות החברה. נסיעות ללקוח לצורכי התקנות וטיפול בתקלות.,"דרישות התפקיד תעודת MCSE ניסיון של 1-3 כטכנאי ידע בהתקנות תוכנה , Windows, חומרה , וציוד קצה TCP/IP protocols ראיה מערכתית ויכולת לימוד עצמית גבוהה יחסי אנוש מצוינים ויכולת עבודה בצוות תודעת שרות מפותחת רשיון נהיגה חובה אנגלית ברמה טכנית",הייטק-כללי & טכנאי/ת מחשבים & מנהל/ת רשת & HELP DESK / תמיכה,https://www.drushim.co.il/job/27962037/8a7213ca/
מומחה/ית תמיכה טכני/ת- משרה זמנית עם אופציה,בינת תקשורת מחשבים,"תיאור משרה בינת תקשורת מגייסת מומחה/ית תמיכה טכני/ת- משרה זמנית עם אופציה איך יראה היום יום שלך? מתן תמיכת IT למשתמשי המערכות. תחזוקה, אבחון ופתרון תקלות שונות בתחום המחשוב והרשת. התקנות מחשבים נייחים וניידים וסיוע בעבודות תשתית וכבילה. טיפול בציודי קצה כגון מדפסות סורקים וכו'. קריאת לוגים של מערכות שונות","דרישות התפקיד ניסיון בעבודה עם Office 365, Windows 10/11 , Windows Server - חובה ניסיון בעבודה מול מערכות מיקרוסופט השונות - Active Directory /Exchange / 365 / שרתי טרמינל / Azure – יתרון משמעותי הסמכת  CCNA / MSCE  - יתרון ניסיון בעבודה עם מוצרי אבטחת מידע  FortiGate, Symantec , Cisco Amp , Iron port  -  יתרון יכולת עבודה בצוות יכולת גבוהה ללמידה עצמית המשרה מתייחסת לנשים וגברים כאחד",הייטק-כללי & מנהל/ת רשת & איש/ת IT & HELP DESK / תמיכה,https://www.drushim.co.il/%D7%93%D7%A8%D7%95%D7%A9%D7%99%D7%9D-23725-%D7%91%D7%99%D7%A0%D7%AA-%D7%AA%D7%A7%D7%A9%D7%95%D7%A8%D7%AA-%D7%9E%D7%97%D7%A9%D7%91%D7%99%D7%9D/
דוגמים/ות לבדיקות איכות אוויר,איירלאב בדיקות אויר,תיאור משרה לחברה בתחום איכות הסביבה דרושים /ות דוגמים /ות לעבודת שטח מאתגרת. עבודה במשרה מלאה. טלפון ליצירת קשר:072-2202620.,"דרישות התפקיד - תואר מתחום איכות הסביבה / מדעים - יתרון -רישיון נהיגה בתוקף. -נכונות לעבודה פיזית. -יכולת טכנית גבוהה, יכולת ניתוח וחשיבה, יכולת עבודה בצוות.",מדעים / ביוטק & כימיה & ביולוגיה,https://www.drushim.co.il/%D7%93%D7%A8%D7%95%D7%A9%D7%99%D7%9D-1603926-%D7%90%D7%99%D7%99%D7%A8%D7%9C%D7%90%D7%91-%D7%91%D7%93%D7%99%D7%A7%D7%95%D7%AA-%D7%90%D7%95%D7%99%D7%A8/
איש/ת טכני - ללמוד מקצוע בתחום המכונאות,קבוצת לובינסקי,תיאור משרה לקידמה יבאונית בתחום המלגזות מקבוצת דוד לובינסקי דרוש/ה: איש/ת טכני שרוצים ללמוד מקצוע.  הכשרה עלינו ללמוד מקצוע בתחום המכונאות בתחום המלגזות.   עובד/ת חברה מהיום הראשון תן ביס ביטוח בריאות פרטי אופק קידומי,"דרישות התפקיד רישיון B בתוקף רישיון על מלגזה - יתרון רקע טכני ו""ידיים טובות""",כללי & חייל/ת משוחרר/ת & רכב / תחבורה & מכונאי/ת רכב & רכב כללי & חשמלא/ית רכב,https://www.drushim.co.il/%D7%93%D7%A8%D7%95%D7%A9%D7%99%D7%9D-12877-%D7%93%D7%95%D7%93-%D7%9C%D7%95%D7%91%D7%99%D7%A0%D7%A1%D7%A7%D7%99/
דרושים עובדים בעלי רקע טכני,"ליאל כח אדם בע""מ",תיאור משרה למפעל אלקטרוניקה דרושים/ות עובדים/ות ייצור עם רקע טכני! נכונות למשרה מלאה/משמרות,"דרישות התפקיד רקע טכני והכשרה ע""ח החברה תנאים טובים מוכר כמועדפת",תעשיה / ייצור & חשמל ואלקטרוניקה & עובד/ת ייצור,https://www.drushim.co.il/%D7%93%D7%A8%D7%95%D7%A9%D7%99%D7%9D-909115-%D7%94%D7%95%D7%9E%D7%98%D7%A7-%D7%A4%D7%AA%D7%97-%D7%AA%D7%A7%D7%95%D7%95%D7%94/
איש אחזקה חשמלאי מוסמך,פסגות כרמל,תיאור משרה איש אחזקה בעל תעודת חשמלאי מוסמך לצוות האחזקה בדיור מוגן ברשת גדולה,דרישות התפקיד חשמלאי מוסמך בעל תעודה בתוקף עבודה בצוות ידע בתחומי אחזקה אחרים ניסיון בתחום,בעלי מקצוע & חשמלאי & אחזקה,https://www.drushim.co.il/%D7%93%D7%A8%D7%95%D7%A9%D7%99%D7%9D-687556-%D7%90%D7%A2%D7%9E%D7%90-%D7%91%D7%99%D7%AA-%D7%94%D7%95%D7%A8%D7%99%D7%9D/
סטאפיסט.ית טכנאי.ית למכונות הזרקה,תמה גרופ,"תיאור משרה • ביצוע החלפת תבניות וכיוון מכונות הזרקה, • ביצוע הזרקות ניסיון ואופטימיזציה של תהליך • פתרון תקלות • כיוון רובוטים",דרישות התפקיד ניסיון תעסוקתי בתחום ההזרקה - חובה אנגלית טכנית - חובה קורס הזרקה טכני- יתרון מחוייבות משרה מלאה - משרת יום 5 ימים בשבוע,תעשיה / ייצור & טכנאי/ת - תעשייה וייצור & מפעיל/ת מכונות & CNC,https://www.drushim.co.il/%D7%93%D7%A8%D7%95%D7%A9%D7%99%D7%9D-53602-%D7%AA%D7%9E%D7%94-%D7%AA%D7%A2%D7%A9%D7%99%D7%95%D7%AA-%D7%A4%D7%9C%D7%A1%D7%98%D7%99%D7%A7/
עובדי/ות תשתית אופטית וסימטרית,בזק,"תיאור משרה דרושים/ות עובדי/ות תשתית אופטית וסימטרית קצת עלינו, אנחנו אחת החוליות הקריטיות בשרשרת אספקת האינטרנט ללקוחות בזק, כי בלי כבלים, אין אינטרנט וכבלים, זה אנחנו! אנחנו מחולקים לשני צוותים עיקריים שעוסקים בפריסת תשתיות. צוות אחד אחראי לפריסה ללקוחות פרטיים וצוות נוסף ללקוחות העסקיים, העבודה שלנו היא רק בשטח ואנחנו נעשה הכול ונגיע לכל מקום כדי לפרוס תשתיות תקשורת, אופטי ונחושת. העבודה היא פיזית ודורשת פריסת כבלים עיליים, עד לגובה של 7 מטרים, ותחתיים בגובים שהם בעומק של עד 3 מטרים. לעבודה בשטח יש תנאים וחוקים משלה ולכן חשוב שתבואו מוכנים לתנאי מזג אויר כמו גשם, רוחות, שמש ישראלית ולפעמים גם קצת שלג. איך נראה יום עבודה? בבוקר אנחנו מגיעים עצמאית לנקודת איסוף, מקבלים סידור עבודה, אוספים את הציוד המתאים ויוצאים לשטח בצוותים קטנים, בין 2-3 אנשי תשתיות. בסוף יום אפשר לחזור לנקודת האיסוף או לצאת ישירות הביתה. כל עובד לפי נוחיותו. התפקיד כולל עבודה פיזית (פתיחת גובים, השחלה/תלית כבלים, פריסתם וחיבורם) . עבודה תחת לחץ ועמידה ביעדים ולוחות זמנים . יכולת להתמודד עם אילוצים ובעיות בשטח.",דרישות התפקיד מוטיבציה גבוהה נכונות לעבודה פיזית יכולת עבודה בצוות רקע טכני – יתרון 12 שנות לימוד רישיון נהיגה – חובה רישיון ג' – יתרון,בעלי מקצוע & מתקינים & אחזקה & טכנאי/ת,https://www.drushim.co.il/%D7%93%D7%A8%D7%95%D7%A9%D7%99%D7%9D-11180-%D7%91%D7%96%D7%A7/
עובד אחזקה לבוארון ניהול ואחזקות מבנים,"נ.בוארון ניהול ואחזקת מבנים בע""מ",תיאור משרה לבוארון ניהול ואחזקות מבנים דרוש/ה עובד אחזקה. תיאור התפקיד: 1. טיפול ומענה ללקוחות 2. טיפול ומענה לתקלות אחזקה שונות בבניינים 3. ביצוע בקרה ומעקב שוטף אחר מערכות המבנים 4. ביצוע בקרה ומעקב שוטף אחר עובדים. 5. עבודה עם קבלני משנה וספקים.,"דרישות התפקיד ידע וניסיון נדרש: 1. ידע טכני באחזקה - חובה! 2. רישיון נהיגה על רכב ידני - חובה! 3. בעל רישיון חשמל - חובה! 4. ניסיון בניהול עובדים - יתרון * כישורים ומאפיינים נדרשים: 1. יחסי אנוש מצוינים ויכולת עבודה בצוות 2. אמינות ולויאליות 3. אסרטיביות, בעל אחריות, רצינות, חרוץ, ראש גדול 4. יכולת עבודה בתנאי לחץ ובצורה עצמאית 5. בעל יכולת למידה גבוהה היקף עבודה: • ראשון עד חמישי 07:00 – 16:00 • ימי שישי 07:00 – 12:00 • מיקום: צפון ת""א • דרושה גמישות, ניידות (משרה אינה כוללת רכב) • נכונות לטווח הארוך  ** יש לציין ציפיות שכר בעת הגשת המועמדות **",בעלי מקצוע & אחזקה & חשמלאי & תעשיה / ייצור & חשמל ואלקטרוניקה & תחזוקה,https://www.drushim.co.il/%D7%93%D7%A8%D7%95%D7%A9%D7%99%D7%9D-3828408-%D7%A0%D7%91%D7%95%D7%90%D7%A8%D7%95%D7%9F%D7%A0%D7%99%D7%94%D7%95%D7%9C%D7%95%D7%90%D7%97%D7%96%D7%A7%D7%AA%D7%9E%D7%91%D7%A0%D7%99%D7%9D/
איש/ת אחזקת מכונות,א.ל אלקטרוניקה,"תיאור משרה אחראי/ת על תקינות המכונות במפעל, תיקון תקלות שבר ותחזוקה מונעת. - עבודה מדוייקת וקפדנית לפתרון תקלות בצורה מדוייקת ונכונה - מחסן אחזקת מכונות – קליטת ציוד וארגון המחסן, הנפקות ודיווח בהתאם - תמיכה שוטפת למערך הייצור, טיפול תקלות, טיפול מונע, פרויקטים לשימור - איתור מקדים של תקלות עתידיות פתרון מקדים ושיפור תהליכים","דרישות התפקיד -ניסיון דומה - חובה - חריצות, אחראיות, ""ראש גדול"" ויחסי אנוש מעולים. - אורנטציה שירותית, דיקנות וסדר בעבודה - נדרשת יכולת פיזית. - יכולת וניסיון בהפעלה ופיקוח על עובדים וקבלני משנה בתחום. - ניסיון בעבודה במפעל יצורי/תהליכי – יתרון - עברית – שפת אם או רמה גבוהה - חובה . - אנגלית טכנית – חובה. - רשיון נהיגה בתוקף – חובה. - זמינות לשעות נוספות והגעה מוקדמת – חובה.",תעשיה / ייצור & חשמל ואלקטרוניקה & תחזוקה & מפעיל/ת מכונות,https://www.drushim.co.il/%D7%93%D7%A8%D7%95%D7%A9%D7%99%D7%9D-834958-%D7%90%D7%9C-%D7%90%D7%9C%D7%A7%D7%98%D7%A8%D7%95%D7%A0%D7%99%D7%A7%D7%94/
חשמלאי תשתיות תאורת חוץ,"איזנברג את שין בע""מ","תיאור משרה לחברה קבלנית ואיכותית לעבודות חשמל בתחום תשתיות חוץ ותאורת חוץ, דרוש/ה חשמלאי למשרה מלאה וקבועה בתנאים טובים",דרישות התפקיד חשמלאי עם ניסיון בביצוע תשתיות ותאורת חוץ,בעלי מקצוע & חשמלאי & אחר,https://www.drushim.co.il/%D7%93%D7%A8%D7%95%D7%A9%D7%99%D7%9D-229979-%D7%9C%D7%93-%D7%94%D7%A0%D7%93%D7%A1%D7%94/
עבודה כטכנאי/ת בתחום המלגזות,רונטראק שירותי מלגזות בעמ,תיאור משרה מחפשים טכנאי/ת בתחום המלגזות תנאים טובים דרוש רקע טכני העסק ממוקם באזור התעשייה סגולה פתח תקווה,דרישות התפקיד רישיון נהיגה רקע טכני,בעלי מקצוע & טכנאי/ת,https://www.drushim.co.il/%D7%93%D7%A8%D7%95%D7%A9%D7%99%D7%9D-4099956-%D7%A8%D7%95%D7%A0%D7%98%D7%A8%D7%90%D7%A7%D7%A9%D7%99%D7%A8%D7%95%D7%AA%D7%99%D7%9E%D7%9C%D7%92%D7%96%D7%95%D7%AA/
שרברב/ית,"~ אלקטרה בע""מ ~","תיאור משרה אלקטרה FM מקבוצת אלקטרה בע""מ מגייסת שרברב/ית למשרד החינוך בירושלים!  **עובד/ת אלקטרה מהיום הראשון!!** **תנאים מדהימים למתאימים** משרה מלאה בימים א-ה בין השעות 07:00-16:00  כחלק מהתפקיד ביצוע עבודות בתחום האינסטלציה כגון: פתיחת סתימות, התקנת אביזרי אינסטלציה, תיקון פיצוצים ונזילות, התקנת מערכות מים, ליווי קבלני משנה במידת הצורך וכל תחומי הבניין והאחזקה האחרים.  דרישות התפקיד : ניסיון רלוונטי בתחום לפחות שנה-חובה בעל\ת תעודת שרברב\ית מטעם משרד העבודה- חובה","תיאור משרה אלקטרה FM מקבוצת אלקטרה בע""מ מגייסת שרברב/ית למשרד החינוך בירושלים!  **עובד/ת אלקטרה מהיום הראשון!!** **תנאים מדהימים למתאימים** משרה מלאה בימים א-ה בין השעות 07:00-16:00  כחלק מהתפקיד ביצוע עבודות בתחום האינסטלציה כגון: פתיחת סתימות, התקנת אביזרי אינסטלציה, תיקון פיצוצים ונזילות, התקנת מערכות מים, ליווי קבלני משנה במידת הצורך וכל תחומי הבניין והאחזקה האחרים.  דרישות התפקיד : ניסיון רלוונטי בתחום לפחות שנה-חובה בעל\ת תעודת שרברב\ית מטעם משרד העבודה- חובה",בעלי מקצוע & אינסטלציה & אחזקה,https://www.drushim.co.il/%D7%93%D7%A8%D7%95%D7%A9%D7%99%D7%9D-2963072-%D6%B0%D6%B0~-%D7%90%D7%9C%D7%A7%D7%98%D7%A8%D7%94-~/
מכונאי/ת רכב,נמל הדרום HCT,"תיאור משרה לנמל הדרום באשדוד, דרוש/ה מכונאי/ת רכב. עבודה מעניינת ומאתגרת במתחם הסדנה של הנמל. משרה מלאה בימים א-ה הצטרפו לנבחרת מנצחת ותהנו מתנאים מעולים !!!","דרישות התפקיד בגרות מלאה. טכנאי/ הנדסאי מכונות-יתרון משמעותי ידע טכני במכונאות ציוד כבד, הידראוליקה וניסיון באחזקת מכונות ובפתרון בעיות - יתרון משמעותי ניסיון רלוונטי של 3 שנים בתפקיד דומה - יתרון (גם מהצבא).",תעשיה / ייצור & מכונאי/ת & מפעיל/ת מכונות,https://www.drushim.co.il/%D7%93%D7%A8%D7%95%D7%A9%D7%99%D7%9D-3220541-hct-%D7%94%D7%93%D7%A8%D7%95%D7%9D-%D7%A7%D7%95%D7%A0%D7%98%D7%99%D7%99%D7%A0%D7%A8-%D7%98%D7%A8%D7%9E%D7%99%D7%A0%D7%9C/
נציגי/ות שירות טכני לנתניה- תנאים מעולים!,סלקום,"תיאור משרה בעולם שכולו טכנולוגיה זוהי הזדמנות שלך להשתלב. בתחום הכי מבוקש כנציגי/ות שירות טכני. מבדק התאמה קצר במהירות ובנוחות מהבית. משמרות גמישות, קו סלולר ושירותי סלקום TV בעלויות מסובסדות, אירועי חברה, תחרויות ופרסים שווים, חופשות בחו""ל, חדר כושר, חדר אוכל. משרה מתאימה גם לחיילים משוחררים וסטודנטים. נשמח מתאים? נשמח להכיר!","דרישות התפקיד אוריינטציה טכנית. תודעת שרות גבוהה. עבודה במשמרות. מוקד 24/7, כולל סופ""ש וחגים. מיקום: נתניה.  סלקום מעודדת ותומכת בהעסקת עובדים עם מוגבלויות.",כללי & משרות כלליות & חייל/ת משוחרר/ת & סטודנט/ית,https://www.drushim.co.il/%D7%93%D7%A8%D7%95%D7%A9%D7%99%D7%9D-3802-%D7%A1%D7%9C%D7%A7%D7%95%D7%9D/
נציגי/ות שירות טכני לנתניה- התחום הכי מבוקש!,סלקום,"תיאור משרה בעולם שכולו טכנולוגיה זוהי הזדמנות שלך להשתלב בתחום הכי מבוקש כנציגי/ות שירות טכני. מבדק התאמה קצר במהירות ובנוחות מהבית. משמרות גמישות, קו סלולר ושירותי סלקום TV בעלויות מסובסדות, אירועי חברה, תחרויות ופרסים שווים, חופשות בחו""ל, חדר כושר, חדר אוכל. משרה מתאימה גם לחיילים משוחררים וסטודנטים. נשמח מתאים? נשמח להכיר!","דרישות התפקיד אוריינטציה טכנית. תודעת שרות גבוהה. עבודה במשמרות. מוקד 24/7, כולל סופ""ש וחגים. מיקום: נתניה.  סלקום מעודדת ותומכת בהעסקת עובדים עם מוגבלויות.",שירות לקוחות & תמיכה טכנית & שירות לקוחות & מוקדן/ית,https://www.drushim.co.il/%D7%93%D7%A8%D7%95%D7%A9%D7%99%D7%9D-3802-%D7%A1%D7%9C%D7%A7%D7%95%D7%9D/
דרוש/ה הנדסאי/טכנאי חשמל ואל פסק,- חסוי -,"תיאור משרה לחברה טכנולוגית מובילה דרוש/ה הנדסאי/טכנאי חשמל ואל פסק ניסיון במתן שירות למערכות חשמל בסביבת Data Center, מערכות אל פסק, פסי צבירה, מערכות AC/DC. התפקיד כולל עבודה במשרד ובשטח מול לקוחות ויועצים.","דרישות התפקיד הנדסאי/ת טכנאי/ת חשמל - חובה הכרות עם מערכות אל פסק ובקרה , פרוטוקולי תקשורת. ניסיון במתן שירות טכני למערכות אל פסק- חובה ידע וניסיון בקריאת תוכניות חשמל יתרון יכולת הדרכת לקוחות שליטה בשפה האנגלית חובה",הנדסה & הנדסאי/ת חשמל,https://www.drushim.co.il/job/30569084/5f0ef328/
"נציגי/ות שירות טכני לנתניה-מענק של 3,000 ש""ח",סלקום,"תיאור משרה בעולם שכולו טכנולוגיה זוהי הזדמנות שלך להשתלב. בתחום הכי מבוקש כנציגי/ות שירות טכני. מבדק התאמה קצר במהירות ובנוחות מהבית. משמרות גמישות, קו סלולר ושירותי סלקום TV בעלויות מסובסדות, אירועי חברה, תחרויות ופרסים שווים, חופשות בחו""ל, חדר כושר, חדר אוכל. מענק של 3,000 ש""ח לאחר חצי שנה! משרה מתאימה גם לחיילים משוחררים וסטודנטים. נשמח מתאים? נשמח להכיר!","דרישות התפקיד אוריינטציה טכנית. תודעת שרות גבוהה. עבודה במשמרות. מוקד 24/7, כולל סופ""ש וחגים. מיקום: נתניה.  סלקום מעודדת ותומכת בהעסקת עובדים עם מוגבלויות.",שירות לקוחות & טלפן/ית & שירות לקוחות & נציג/ת שירות דיגיטלי,https://www.drushim.co.il/%D7%93%D7%A8%D7%95%D7%A9%D7%99%D7%9D-3802-%D7%A1%D7%9C%D7%A7%D7%95%D7%9D/
"דרושים טכנאים/ות לחברת קורקינטים,שכר עד 13,000 ש""ח",מוקד עמישב,"תיאור משרה לחברת קורקינטים שיתופיים בעיר ת""א דרוש/ה טכנאי/ת קורקינטים ואופניים חשמליים. העבודה במשמרות בוקר. השכר 50 ש""ח לשעה, מי שעובד משרה מלאה מגיע לשכר 12,000-13,500 ש""ח. מקבלים תנאים סוציאליים מעולים + בונוסים על עמידה ביעדים. יש אפשרויות קידום בתוך המערכת. העבודה בעיר ת""א.",דרישות התפקיד ידע בסיסי במכניקה ואלקטרוניקה - יתרון ניסיון כמכונאי / חשמלאי רכב - יתרון ניסיון - בתיקון קורקינטים / אופניים חשמליות - יתרון אנגלית טכנית בסיסית. עמידה ביעדים.,בעלי מקצוע & טכנאי/ת & טכנאי/ת מיזוג אוויר & טכנאי/ת מתח נמוך & רכב / תחבורה & חשמלא/ית רכב & מכונאי/ת רכב & פחח/ית,https://www.drushim.co.il/%D7%93%D7%A8%D7%95%D7%A9%D7%99%D7%9D-3869619-%D7%9E%D7%95%D7%A7%D7%93%D7%A2%D7%9E%D7%99%D7%A9%D7%91/
עובד.ת אחזקה וחשמלאי מוסמך לחברת חילן בתל אביב,חילן,תיאור משרה לחברת חילן דרוש.ה איש.אשת אחזקה (הנדימן) בעל.ת רישיון חשמלאי /ת מוסמך /ת וניסיון בתפעול ותחזוקה שוטפת של מבנה משרדים.,דרישות התפקיד ניסיון של עד חמש שנים בתחום אחזקת מבנים. נכונות לעבודה פיזית. יכולת טכנית גבוהה ויכולת עבודה באופן עצמאי. יכולת מענה במצבי חרום 24/7 במידת הצורך. בעל רישיון חשמלאי /ת מוסמך /ת. בעל רישיון נהיגה.,תעשיה / ייצור & תחזוקה & חשמל ואלקטרוניקה,https://www.drushim.co.il/%D7%93%D7%A8%D7%95%D7%A9%D7%99%D7%9D-11379-%D7%97%D7%99%D7%9C%D7%9F/
"טכנאי אוטומציה וחשמל-מרלו""ג שטראוס שוהם",- קבוצת שטראוס -,תיאור משרה מה כולל התפקיד? אבחון וטיפול בתקלות של מערכות האוטומציה ואחזקה מונעת  בקרה על הפעלת ציוד אוטומטי ומתן מענה מיידי להבטחת זמינות מקסימלית של הציוד עבודת ממשקים מרובה מול מערך האחזקה וספקים חוץ ארגוניים עבודה בסביבה ממחושבת,דרישות התפקיד מה חשוב להביא איתך לתפקיד? עבודה במשמרות  ניסיון של שנה ומעלה בתעשייה רישיון חשמלאי מוסמך- יתרון תעודת טכנאות/ הנדסאות בתחום החשמל/ מכניקה- יתרון ניסיון בעבודה עם מערכים אוטומטיים ובקרים מתוכנתים- יתרון,תעשיה / ייצור & טכנאי/ת - תעשייה וייצור & חשמל ואלקטרוניקה & תחזוקה,https://www.drushim.co.il/%D7%93%D7%A8%D7%95%D7%A9%D7%99%D7%9D-3803613-%D7%A7%D7%91%D7%95%D7%A6%D7%AA%D7%A9%D7%98%D7%A8%D7%90%D7%95%D7%A1/
System Technician - עובד חברה!,one systems,"תיאור משרה חברת ONE בפתח תקווה מגייסת טכנאי/ת סיסטם למשרה מלאה לטווח הארוך. -משרת שטח בכל רחבי הארץ, התפקיד כולל רכב. - קליטה כעובד/ת חברה מהיום הראשון.",דרישות התפקיד - ניסיון של 3 שנים לפחות בתמיכה טכנית במגזר העסקי. - שרתים – חובה - Vmware – חובה - HYPER-V – יתרון משמעותי - גיבויים – חובה - ידע מעמיק ב-365 – חובה - ידע בפורטיגייט – חובה - ידע ב-SharePoint-יתרון משמעותי - ניסיון רב בעבודה עם שרתים בענן,הייטק-כללי & HELP DESK / תמיכה & SYS ADMIN WIN & מנהל/ת רשת,https://www.drushim.co.il/%D7%93%D7%A8%D7%95%D7%A9%D7%99%D7%9D-27809-%D7%95%D7%95%D7%90%D7%9F-%D7%A1%D7%99%D7%A1%D7%98%D7%9E%D7%A1/
טכנאי סיסטם שטח,one systems,"תיאור משרה חברת ONE בפתח תקווה מגייסת טכנאי/ת סיסטם למשרה מלאה לטווח הארוך. -משרת שטח בכל רחבי הארץ, התפקיד כולל רכב. - קליטה כעובד/ת חברה מהיום הראשון.",דרישות התפקיד - ניסיון של 3 שנים לפחות בתמיכה טכנית במגזר העסקי. - שרתים – חובה - Vmware – חובה - HYPER-V – יתרון משמעותי - גיבויים – חובה - ידע מעמיק ב-365 – חובה - ידע בפורטיגייט – חובה - ידע ב-SharePoint-יתרון משמעותי - ניסיון רב בעבודה עם שרתים בענן,הייטק-כללי & SYS ADMIN WIN & איש/ת IT & מנהל/ת רשת,https://www.drushim.co.il/%D7%93%D7%A8%D7%95%D7%A9%D7%99%D7%9D-27809-%D7%95%D7%95%D7%90%D7%9F-%D7%A1%D7%99%D7%A1%D7%98%D7%9E%D7%A1/
טכנאי מיזוג אוויר - עבודה במעבדת פיתוח,- חסוי -,"תיאור משרה למפעל תעשייתי מוביל בתחום מיזוג דרוש.ה למעבדת פיתוח טכנאי.ת מיזוג אוויר, בעלי ניסיון בתרמודינמיקה, במערכות קירור ומיזוג אוויר עבודה במעבדה אשר מפתחת ובונה ציוד ופתרונות חכמים לעולם המיזוג . • העבודה כוללת הפעלת המערכת, מעקב אחר הניסוי וביצוע שינויים בהתאם לצורך • רישום ומילוי דוחות בדיקה ומסקנות • בדיקת תפקוד המערכת וגיבוש הצעות לשיפור התפקוד עבודה בשעות בוקר 07.00-16.00, ימי שני ורביעי עד 19:00",דרישות התפקיד טכנאי מיזוג אוויר- חובה ידע בתרמודינמיקה בסיסית - חובה ניסיון בתחום מיזוג / קירור - חובה שליטה במחשב ותוכנות אופיס עבודת צוות,בעלי מקצוע & טכנאי/ת מיזוג אוויר & אחזקה & טכנאי/ת,https://www.drushim.co.il/job/30464147/bc29ec3b/
SAMSUNG מחפשת טכנאי סלולר לסניף טבריה!,סאני תקשורת,"תיאור משרה - איתור תקלות ותיקון מכשירי טלפון סלולריים בדרג א’-ב’. - תפעול תוכנות ניהול, תוכנות תמיכה בטלפונים, OFFICE. - אחריות על מלאי החלפים בסניף. - מתן שירות ללקוחות בנושאים טכניים. - עמידה ביעדי איכות, תפוקות, שביעות רצון לקוחות, זמני תיקון. - משרה מלאה, ימים א'-ו'.  תנאים שווים במיוחד! • חברות במועדון ""HITECH-ZONE"" החל מהיום הראשון! • כרטיס סיבוס המקנה תקציב ארוחות חודשי על חשבוננו. • מתנות שוות בתאריכים הכי חשובים לכם בשנה.","דרישות התפקיד - ניסיון ממעבדה סלולארית או תעודת טכנאי/ת סלולר - חובה. - אנגלית טכנית - חובה. - אוריינטציה שירותית ומכירתית. - יכולת עבודה בלחץ, סדר וארגון. - נכונות לשעות נוספות על פי הצורך.",בעלי מקצוע & טכנאי/ת סלולר & טכנאי/ת,https://www.drushim.co.il/%D7%93%D7%A8%D7%95%D7%A9%D7%99%D7%9D-611233-%D7%A1%D7%A7%D7%99%D7%99%D7%9C%D7%A7%D7%A1-%D7%A7%D7%95%D7%A8%D7%A4%D7%95%D7%A8%D7%99%D7%99%D7%A9%D7%9F/
לנמל הדרום דרוש /ה תומך /ת אפליקטיבי /ת PCA,נמל הדרום HCT,"תיאור משרה תמיכת חדר הבקרה, מתן מענה בזמן אמת למקרים תפעוליים שדרושים תיקונים ב-DB או בדיקות מורכבות (בלוגים וכו). בעת תקלה באחריות התומך האפליקטיבי לקבל את תיאור המקרה מחדר הבקרה , לזהות את סביבת העבודה הנדרשת לתפעול התקלה והפעלת הגורמים הרלוונטים תוך שמירה על ההנחיות והנהלים.","דרישות התפקיד תואר הנדסאי רלוונטי לתחום מערכות מידע. ניסיון בהטמעת מערכות תפעוליות מורכבות בארגונים, משלבות תוכנה, חומרה, ממשקים שונים. הבנה טכנולוגיות בתשתיות, פרוטוקולי תקשורת, רשתות. אנגלית ברמה גבוהה (כתיבה ודיבור). ידע בכתיבת שאילתות ועבודה עם בסיס נתונים הרצת SP ( SQL server ). ניידות חובה. נכונות לעבודה במשמרות 24/6 ללא שבתות.",הייטק-כללי & HELP DESK / תמיכה & משרות הייטק כללי & איש/ת IT,https://www.drushim.co.il/%D7%93%D7%A8%D7%95%D7%A9%D7%99%D7%9D-3220541-hct-%D7%94%D7%93%D7%A8%D7%95%D7%9D-%D7%A7%D7%95%D7%A0%D7%98%D7%99%D7%99%D7%A0%D7%A8-%D7%98%D7%A8%D7%9E%D7%99%D7%A0%D7%9C/
עובד/ת אחזקה כללי/ת למגדל העסקים גב ים בהרצליה,"~ אלקטרה בע""מ ~","תיאור משרה קבוצת אלקטרה מגייסת עובד/ת אחזקה כללי/ת למגדל העסקים גב ים בהרצליה באלקטרה FM הזדמנות מעולה להצטרף לחברה תאגידית ומובילה בתחומיה בתפקיד מאתגר ומעניין!  *רכישת ידע מקצועי בתחום שלא ניתן ללמוד בשום מקום אחר* *עובד אלקטרה מהיום הראשון* *תנאים מצוינים למתאימים*  תיאור התפקיד: ביצוע עבודות אחזקה מונעת ואחזקת שבר במבנים. עבודות אחזקה כלליות כמו: צבע, אינסטלציה, גבס, שפכטל, תיקונים קלים ועוד. הזמנה וליווי של קבלנים נותני שירות למערכות בקומות האחזקה.",דרישות התפקיד - בעל/ת ניסיון מוכח של שנתיים לפחות באחזקת מבנים - חובה - מכוונות ויכולת עבודה עצמאית - חובה - זמינות להקפצות במקרים חריגים – חובה - רישיון נהיגה,בעלי מקצוע & אינסטלציה & אחזקה & צבעים,https://www.drushim.co.il/%D7%93%D7%A8%D7%95%D7%A9%D7%99%D7%9D-2963072-%D6%B0%D6%B0~-%D7%90%D7%9C%D7%A7%D7%98%D7%A8%D7%94-~/
דרוש/ה איש/ת אחזקה למפעל תעשייתי המייצר מוצרי בטון,חסוי,"תיאור משרה לחברת סלע מוצרי בטון דרוש מנהל אחזקה בכיר עם ידע במערכות פנאומטיות והידראוליות לטיפול ואחזקת מכונות בקווי הייצור. אחריות על התחזוקה השוטפת אחזקה כללית. ביצוע עבודות אחזקה וטיפול בקריאות השונות, ניהול צוותי אחזקה במגוון תפקידים, ניהול מערך האחזקה במפעל, ניהול צוות עובדים במחלקה.",דרישות התפקיד נכונות לעבודה פיזית. ניסיון כמנהל אחזקה. ניסיון בהידראוליקה - יתרון. ניסיון בחשמל - יתרון. ניסיון במפעל ייצור - יתרון. תנאים טובים למתאימים. משרה מלאה לטווח ארוך.,תעשיה / ייצור & מפעיל/ת מכונות & תחזוקה & תעשיה / ייצור - ניהול,https://www.drushim.co.il/job/30554131/3cd9d61e/
דרוש מהנדס/ת לחברת מיזוג אוויר,- חסוי -,"תיאור משרה למחלקת הנדסה דרוש מהנדס/ת לתפקיד עם אחריות גדולה על פעילות תכנון, אישורי ציוד שוטפת וניהול מחלקת פרויקטים. התפקיד כולל: עריכת טבלאות השוואה, כתיבת ניירת טכנית, תמחור בין ספקים, בדיקת והכנה חומר טכני לאישור יועצים, הכנת תיקי מתקן, ניתוח כמויות מתוכניות.",דרישות התפקיד תואר בהנדסה- חובה,הנדסה & מהנדס/ת מכונות & הנדסאי/ת מכונות & מהנדס/ת מיזוג אוויר,https://www.drushim.co.il/job/30554378/d8a7367d/
מרכיב/ה מתחיל/ה מעליות,"- אלקטרה בע""מ -","תיאור משרה אלקטרה מעליות מגייסת מרכיבי/ות מעליות לאזור המרכז וירושלים. תפקיד בהכשרה אשר בסופו ניתן לרכוש מקצוע בתחום! יש לך רקע או אוריינטציה טכנית? זה הזמן להתברג בעולם המעליות. התפקיד כולל הרכבת המעלית בשטח, קריאת שרטוטים, עבודה עם כלים שונים ועיסוק במכאניקה וחשמל. עבודה במשרה מלאה- ימי א'-ה' 7:30-16:45 + שעות נוספות. קליטה ישירה כעובדי/ות אלקטרה החל מהיום הראשון",דרישות התפקיד ניסיון קודם בעבודה פיזית/טכנית/חשמלית/מכאנית- יתרון נכונות לעבודה פיזית מאומצת בשטח רישיון חשמל-יתרון,בעלי מקצוע & מתקינים & טכנאי/ת מעליות,https://www.drushim.co.il/%D7%93%D7%A8%D7%95%D7%A9%D7%99%D7%9D-2963091--%D7%90%D7%9C%D7%A7%D7%98%D7%A8%D7%94--/
מנהל/ת מחלקת פרויקטים בתחום כיבוי וגילוי אש,"~ אלקטרה בע""מ ~","תיאור משרה מנהל/ת מחלקת פרויקטים בתחום כיבוי וגילוי אש תיאור המשרה – קבוצת אלקטרה מגייסת מנהל/ת מחלקת פרויקטים בתחום כיבוי וגילוי אש בחברת Field service (אלקטרה פז). התפקיד כולל ניהול מחלקה עסקית ותפעולית במחזור מכירות גדול, ניהול מנהלי פרויקטים וקבלני משנה. מענה למכרזים, תכנון, תפעול ומעקב אחר פרויקטים בשווי כספי גבוה משלב ההגשה ועד סיום ומסירה ללקוח.","דרישות התפקיד ניסיון והיכרות רבת שנים ומעמיקה עם שוק שירותי מערכות כיבוי וגילוי אש – חובה יכולת הובלה של מנהלים, עובדים וספקים יכולת עבודה בצוות ושיתופי פעולה עסקיים עם יחידות / חברות אחרות ניסיון בבניית תוכנית עבודה ויישומן תואר ראשון – יתרון משמעותי",בעלי מקצוע & אחזקה & טכנאי/ת & אחר,https://www.drushim.co.il/%D7%93%D7%A8%D7%95%D7%A9%D7%99%D7%9D-2963072-%D6%B0%D6%B0~-%D7%90%D7%9C%D7%A7%D7%98%D7%A8%D7%94-~/
דרושים/ות עובדי/ות אחזקה ולוגיסטיקה לארגון ממשלתי,- חסוי -,"תיאור משרה לארגון ממשלתי גדול ומסווג דרושים/ות לתפקיד לוגיסטי - שינוע של ציוד, הקמת אירועים, העברת ציוד ומשרדים, מחסנאות ועוד במתקן במרכז הארץ... -תנאים מעולים -שכר של כ-57 ש""ח לשעה כולל התוספות! -ארוחות במתקן -אפשרות חיסכון וקידום בארגון למתאימים -5,000 ש""ח מענק לחבר מביא חבר",דרישות התפקיד רישיון נהיגה בתוקף יכולת למעבר הליך גיוס. 12 שנות לימוד שירות צבאי מלא.,כללי & משרות כלליות & מלקט/ת & חייל/ת משוחרר/ת & לוגיסטיקה / שילוח & מחסנאי/ת & מלגזן/ית & לוגיסטיקה כללי & מלקט/ת,https://www.drushim.co.il/job/30499810/27e26a69/
"נציגי/ות שירות טכני לחיפה- 3,000 ש""ח מענק!","חיפה |
ללא נסיון |
משרה מלאה ועוד
|
לפני 8 שעות","תיאור משרה אנחנו מגייסים את המומחים הבאים של עולם האינטרנט. הצטרפו אלינו לתפקיד המאפשר התפתחות בעולם התקשורת והמחשוב. בעלי/ות אוריינטציה טכנית? אנחנו מחפשים אתכם! הכשרה מקצועית עלינו! עבודה במשמרות גמישות. קו סלולר ושירותי סלקום TV בעלויות מסובסדות, אירועי חברה, מתנות, טיסות לחו""ל, חדר כושר, חדר אוכל ועוד. מתאים גם לחיילים/ות משוחררים/ות, סטודנטים/ות, משרת הורה. 3,000 ש""ח מענק לאחר חצי שנה! נשמע מתאים? נשמח להכיר!","דרישות התפקיד אוריינטציה טכנית. תודעת שרות גבוהה. עבודה במשמרות. מוקד 24/7, כולל סופ""ש וחגים. סלקום מעודדת ותומכת בהעסקת עובדים עם מוגבלויות.",שירות לקוחות & תמיכה טכנית & שירות לקוחות & מוקדן/ית,https://www.drushim.co.il/%D7%93%D7%A8%D7%95%D7%A9%D7%99%D7%9D-3802-%D7%A1%D7%9C%D7%A7%D7%95%D7%9D/
הצטרף/י כאחראי/ת הנדסה רפואית באסותא באר שבע,חסוי,"תיאור משרה בית החולים אסותא באר שבע אחראי/ת הנדסה רפואית.  • ניהול תחום ההנדסה הרפואית במרכז הרפואי • אחריות לכשירות ותפקוד המערכות הרפואיות במרכז • ביצוע בקרות, בהתאם לנהלי ולהוראות העבודה- על המערכות הרפואיות ועל הצוות • תכלול וביצוע תכנית עבודה שנתית לתחזוקת מנע של המכשור הרפואי • ניהול תקציב שנתי לרכש ציוד רפואי • ביצוע הדרכות למשתמשי הקצה בנושא בטיחות המטופל והציוד • ניהול צוות הנדסה רפואית, טכנאי שטח ומכשור וטכנולוג חדר ניתוח","דרישות התפקיד תעודה טכנולוג רפואי/מכשור רפואי מבה""ס להנדסה רפואית – חובה שליטה ביישומי OFFICE, תפנית, NESS, OUTLOOK ניסיון בתפקיד דומה- יתרון משמעותי",רפואה / בריאות & טכנאי/ת מכשור רפואי & רפואה - ניהול & רפואה - כללי,https://www.drushim.co.il/job/30439865/bf10bfc3/
למעבדת פתו-לאב דרוש/ה עובד/ת מעבדה,אסותא מרכזים רפואיים,"תיאור משרה דרוש/ה עובד/ת מעבדה אשר יבצע את בדיקות המעבדה הנדרשות ברמה מקצועית הגבוהה ביותר, על פי נהלי המעבדה במסגרת העבודה תוכלו לקבל הסמכות של עובד מעבדה בכיר ומנהל עבודה  התפקיד כולל: חיתוך רקמות לצורך אבחון פתולוגי, בעזרת מכשירי המעבדה ממשק שוטף עם גורמים מקצועיים שונים תעבדו במעבדת פתו-לאב שממוקמת בנס ציונה כחלק מצוות המעבדה המוביל שלנו  העבודה בימים א'- ה' בשעות 08:00-17:00, דרישה למשמרת ערב אחת בשבוע- 12:00-20:00. ימי שישי לסירוגין בשעות הבוקר",דרישות התפקיד מה אנחנו מחפשים? תואר ראשון במדעי החיים/ ביוטכנולוגיה/ חקלאות/ מדעי הרפואה/כימיה - חובה תעודת הכרה במעמד עובד מעבדה מטעם משרד הבריאות או לחילופין תואר שני ו/או שלישי בתחומי מדעי החיים - חובה ניסיון קודם בפתלוגיה - יתרון משמעותי,מדעים / ביוטק & לבורנט/ית & ביולוגיה & ביוטכנולוגיה,https://www.drushim.co.il/%D7%93%D7%A8%D7%95%D7%A9%D7%99%D7%9D-1500737-%D7%90%D7%A1%D7%95%D7%AA%D7%90/
עובד אחזקה למפעל בטחוני עם ידע בשיפוצים ואינסטלציה,איי פורס,תיאור משרה למפעל ביטחוני דרוש/ה עובד/ת למחלקת אחזקה בעל/ת רקע טכני בשיפוצים ואינסטלציה נכונות לעבודה פיזית תנאים מצויינים כוללל הסעות וארוחות,דרישות התפקיד ניסיון עם כלי עבודה ידניים,"בנייה ונדל""ן & שיפוצניק/ית & עובדי בניין & צבעים",https://www.drushim.co.il/%D7%93%D7%A8%D7%95%D7%A9%D7%99%D7%9D-25488-%D7%90%D7%99%D7%99-%D7%A4%D7%95%D7%A8%D7%A1/
SAMSUNG מחפשת טכנאי סלולר לסניף אילת!,סאני תקשורת,"תיאור משרה - איתור תקלות ותיקון מכשירי טלפון סלולריים בדרג א’-ב’. - תפעול תוכנות ניהול, תוכנות תמיכה בטלפונים, OFFICE. - אחריות על מלאי החלפים בסניף. - מתן שירות ללקוחות בנושאים טכניים. - עמידה ביעדי איכות, תפוקות, שביעות רצון לקוחות, זמני תיקון. - משרה מלאה, ימים א'-ו'.  תנאים שווים במיוחד! • חברות במועדון ""HITECH-ZONE"" החל מהיום הראשון! • כרטיס סיבוס המקנה תקציב ארוחות חודשי על חשבוננו. • מתנות שוות בתאריכים הכי חשובים לכם בשנה.","דרישות התפקיד - ניסיון ממעבדה סלולארית או תעודת טכנאי/ת סלולר - חובה. - אנגלית טכנית - חובה. - אוריינטציה שירותית ומכירתית. - יכולת עבודה בלחץ, סדר וארגון. - נכונות לשעות נוספות על פי הצורך.",בעלי מקצוע & טכנאי/ת סלולר & טכנאי/ת,https://www.drushim.co.il/%D7%93%D7%A8%D7%95%D7%A9%D7%99%D7%9D-611233-%D7%A1%D7%A7%D7%99%D7%99%D7%9C%D7%A7%D7%A1-%D7%A7%D7%95%D7%A8%D7%A4%D7%95%D7%A8%D7%99%D7%99%D7%A9%D7%9F/
דרוש עובד כללי לחברת מיזוג אוויר,אמרון,"תיאור משרה לחברת מיזוג אוויר דרוש עובד כללי לעבודות התקנה, פריסת צנרת, תשתיות ניקוז, התקנות תעלות גמישות וכל עבודות נדרשות לביצוע מערכות מיזוג",דרישות התפקיד חריצות אמינות ניסיון בעבודה עם כלי עבודה חשמליים ניסיון בעבודה בגובה,בעלי מקצוע & מתקינים & טכנאי/ת מיזוג אוויר & רתכים / מסגרים,https://www.drushim.co.il/%D7%93%D7%A8%D7%95%D7%A9%D7%99%D7%9D-4086694-%D7%90%D7%9E%D7%A8%D7%95%D7%9F/
לחברת מחשוב בקרית גת - טכנאי PC למשרה התחלתית,כתום שרותי מחשוב,"תיאור משרה משרת ג'וניור! לחברת מחשוב המעניקה שירות ללקוחות מוסדיים, עסקיים ופרטיים דרוש טכנאי PC למשרת מעבדה ושטח. במסגרת התפקיד: כחלק מצוות הטכנאים בחברה תעסוק באבחון וטיפול בתקלות חומרה\תוכנה\רשת\ציוד היקפי ועוד במעבדת החברה או באתרי הלקוח התקנה, הרכבה שדרוג והגדרה של מחשבים וציודים חדשים","דרישות התפקיד מיומנויות טכניות ושירות לקוחות ברמה גבוהה, עצמאות, ויכולת חשיבה מחוץ לקופסא * ניסיון כטכנאי PC/תשתיות/ רשת(גם צבאי) – יתרון * חוש טכני מפותח * רישיון נהיגה- חובה * היכרות עם מערכות תקשורת ומתח נמוך – יתרון * תודעת שירות גבוהה * יחסי אנוש מצויינים * יכולת סדר וארגון * יכולת למידה והתנהלות עצמאית – חובה","הייטק-כללי & טכנאי/ת מחשבים & מנהל/ת רשת & תקשורת / שו""ב",https://www.drushim.co.il/%D7%93%D7%A8%D7%95%D7%A9%D7%99%D7%9D-3590395-%D7%9B%D7%AA%D7%95%D7%9D-%D7%A9%D7%A8%D7%95%D7%AA%D7%99-%D7%9E%D7%97%D7%A9%D7%95%D7%91/
איש/ת System-Win התמחות במערכות SCCM ואוטומציה,matrix,"תיאור משרה השתלבות בצוות סיסטם איכותי וחזק, בארגון עם אלפי משתמשים ומאות שרתים שנמצא בתנופת עשיה ומעבר לטכנולוגיות מתקדמות וחדשניות. הצוות אמון על התפעול השוטף של ה-IT על כל סביבותיו משלב הייזום, יישום, תחזוקה, שדרוגים, פתרון תקלות, גיבויים בסביבות שרתים וירטואליים, פיסיים בדאטה סנטרים שונים ובשירות ענן. העבודה בפתח תקווה","דרישות התפקיד חמש שנות ניסיון לפחות כ- Windows System Admin עם התמחות במערכת SCCM בארגונים גדולים- תכנון, הקמה, שדרוג ותפעול ידע וניסיון בכתיבה ואפיון של Script (PS,VB)  ידע מעמיק בGroup Policy  ידע וניסיון מעמיק במערכות הפעלהWindows Server 2008/2012 R2/2016/2019/2022 -   ניסיון מארגונים בינוניים וגדולים עם אלפי תחנות ומאות שרתים נכונות לעבודה בשעות לא שגרתיות",הייטק-כללי & SYS ADMIN WIN & מנהל/ת רשת & תשתיות,https://www.drushim.co.il/%D7%93%D7%A8%D7%95%D7%A9%D7%99%D7%9D-4002125-%D7%9C%D7%99%D7%90%D7%AA%D7%9E%D7%A8%D7%9B%D7%96/
עוזר לאינסטלטור,"מרכז השיפוץ בע""מ",תיאור משרה עוזר אינסטלציה עם / בלי נסיון לעבודות שונות העבודה באתרים שונים באיזור ירושלים,"דרישות התפקיד חמש שנות ניסיון לפחות כ- Windows System Admin עם התמחות במערכת SCCM בארגונים גדולים- תכנון, הקמה, שדרוג ותפעול ידע וניסיון בכתיבה ואפיון של Script (PS,VB)  ידע מעמיק בGroup Policy  ידע וניסיון מעמיק במערכות הפעלהWindows Server 2008/2012 R2/2016/2019/2022 -   ניסיון מארגונים בינוניים וגדולים עם אלפי תחנות ומאות שרתים נכונות לעבודה בשעות לא שגרתיות","בנייה ונדל""ן & עובדי בניין",https://www.drushim.co.il/%D7%93%D7%A8%D7%95%D7%A9%D7%99%D7%9D-1978169-%D7%9E%D7%A8%D7%9B%D7%96-%D7%94%D7%A9%D7%99%D7%A4%D7%95%D7%A5/
אנשי/ות אחזקה למפעל תעשייתי בשדרות,- חסוי -,תיאור משרה למפעל מוביל בתעשייה דרוש/ה איש\ת אחזקה. מתן מענה ותיקון תקלות שבר במכונות הייצור ואחזקה שוטפת. אחריות על תפעול ותחזוקה מונעת של המערכות התומכות בייצור. אחריות על אחזקת מבנה ותשתיות המפעל. הדרכת העובדים בתפעול המכונות. ניהול מלאי חלקי חילוף.,"דרישות התפקיד בעל רישיון חשמלאי מוסמך – יתרון. ניסיון בתחום חשמל מכונות - יתרון. מכונאי עם ניסיון בציוד סובב - יתרון. ניסיון בתחום המכניקה, האלקטרומכניקה, החלפת גירים, מסועים, גלילים ממוסבים - יתרון. ניסיון ממפעל יצרני מתחום הטקסטיל – יתרון. ידע במכונות תפירה - יתרון. ידע במסגרות קלה - יתרון. איתור ותיקון תקלות חשמל ובקרה במכונות ייצור. איתור וטיפול בתקלות מבנה ותשתיות. נכונות לעבודה פיזית. ימים א’-ה’: עבודה בשעות .07:00-16:00 יום ו’ לסרוגין: עבודה בשעות 07:00-12:00.",תעשיה / ייצור & חשמל ואלקטרוניקה & תחזוקה,https://www.drushim.co.il/job/30564125/e9e1d715/
"תומך/ת טכני לחברת תוכנה מובילה- בב""ש",אוטוסופט,"תיאור משרה דרוש/ה תומך/ת טכני/ת בתוכנה לניהול עסקי בבאר שבע היקף משרה מלאה, תנאים טובים למתאימים/ות! **** הכשרה על חשבוננו, אפשרויות קידום נרחבות. מתאים גם ליוצאי יחידות מחשוב, ללא ניסיון. עבודה לטווח ארוך.","דרישות התפקיד -מתאים ליוצאי/ות יחידת מחשוב מהצבא -יתרון להכרות עם עולם הקופות הרושמות / קמעונאות -ידע בהנה""ח - יתרון -יכולת הבנה טכנית",הייטק-כללי & טכנאי/ת מחשבים & הדרכה / הטמעה & HELP DESK / תמיכה,https://www.drushim.co.il/%D7%93%D7%A8%D7%95%D7%A9%D7%99%D7%9D-889868-%D7%90%D7%95%D7%98%D7%A1%D7%95%D7%A4%D7%98/
עובד/ת אחזקה למפעל בית זיקוק,און גרד,"תיאור משרה דרוש/ה מסגר/ית או עובד/ת בעל/ ת יכולות ורקע טכני מובהק! התפקיד כולל פירוק של חלקים סטטים ממתקן תעשייתי מתקדם על פי נהלים , ביצוע תיקון בסדנאות והחזרתו לפעולה. יכולת עבודה עם כלי עבודה שונים. למשל: פירוק שסתומים מהמתקן, הבאה לסדנא לתיקון והתקנה. השתלבות בצוות איכותי, מקצועי ומגובש, עבודה טכנית ייחודית כאשר ההכשרה המלאה תינתן במסגרת התפקיד. עבודה לטווח ארוך. עובדי חברה מהיום הראשון + תנאי הסכם קיבוצי",דרישות התפקיד רקע טכני מובהק יכולת ונכונות לעבודה בגובה נכונות לעבודה לטווח הארוך משרת בוקר + ש.נ והקפצות לפי צורך,תעשיה / ייצור & רתכים / מסגרים & טכנאי/ת - תעשייה וייצור,https://www.drushim.co.il/%D7%93%D7%A8%D7%95%D7%A9%D7%99%D7%9D-66047-%D7%90%D7%95%D7%9F-%D7%92%D7%A8%D7%93/
"נציגי/ות שירות טכני לחיפה- 3,000 ש""ח מענק!",סלקום,"תיאור משרה אנחנו מגייסים את המומחים הבאים של עולם האינטרנט. הצטרפו אלינו לתפקיד המאפשר התפתחות בעולם התקשורת והמחשוב. בעלי/ות אוריינטציה טכנית? אנחנו מחפשים אתכם! הכשרה מקצועית עלינו! עבודה במשמרות גמישות. קו סלולר ושירותי סלקום TV בעלויות מסובסדות, אירועי חברה, מתנות, טיסות לחו""ל, חדר כושר, חדר אוכל ועוד. מתאים גם לחיילים/ות משוחררים/ות, סטודנטים/ות, משרת הורה. מענק של 3,000 לאחר חצי שנה! נשמע מתאים? נשמח להכיר!","דרישות התפקיד אוריינטציה טכנית. תודעת שרות גבוהה. עבודה במשמרות. מוקד 24/7, כולל סופ""ש וחגים. סלקום מעודדת ותומכת בהעסקת עובדים עם מוגבלויות.",שירות לקוחות & תמיכה טכנית & שירות לקוחות & מוקדן/ית,https://www.drushim.co.il/%D7%93%D7%A8%D7%95%D7%A9%D7%99%D7%9D-3802-%D7%A1%D7%9C%D7%A7%D7%95%D7%9D/
מהנדס/ת שירות בתחום התקשורת,מוטורולה סולושנס ישראל,"תיאור משרה לחברת מוטורולה סולושנס הממוקמת באיירפורט סיטי (קריית שדה התעופה) דרוש/ה מהנדס/ת שירות בתחום התקשורת להקמה ותחזוקה של מערכות אינטגרציה מורכבות. במסגרת התפקיד: יישום פרויקטים בטחוניים בתחום התקשורת תפעול וטיפול בתקלות הפעלה, הגדרה, תמיכה בסביבות תקשורת מורכבות עבודה משולבת של משרד ושטח","דרישות התפקיד הנדסאי/ת או טכנאי/ת תקשורת ניסיון מוכח בתחום הרשתות IP ותקשורת נתונים - חובה הסמכת CCNA / CCNP -יתרון משמעותי הבנה של אינטגרציה בין מערכות מתקדמות. ידע מעמיק ונסיון מעשי באבטחת מידע ומבנה רשתות עבודה בסביבת LAN/WAN ב-Data-Center בקיאות בטיפול ציודי FW ומתגים שונים כולל אפיון ,שדרוג והתקנות חדשות. ניסיון בציוד של היצרנים הבאים : Cisco,Fortinet,Juniper,Aruba ידע בפרוטוקולי ניתוב לרבות BGP,MPLS,IPVPN ראייה מרחבית ומערכתית, יכולת למידה עצמית גבוהה, תודעת שירות. יכולת התמודדות במצבי לחץ. עבודה בצוות ושיתוף פעולה . רישיון נהיגה - חובה.","הייטק-כללי & איש/ת IT & תקשורת / שו""ב & מנהל/ת רשת",https://www.drushim.co.il/%D7%93%D7%A8%D7%95%D7%A9%D7%99%D7%9D-1010-%D7%9E%D7%95%D7%98%D7%95%D7%A8%D7%95%D7%9C%D7%94-%D7%A1%D7%95%D7%9C%D7%95%D7%A9%D7%A0%D7%A1-%D7%99%D7%A9%D7%A8%D7%90%D7%9C/
"חשמלאי/ת / איש/ת אחזקה למפעל ד""ר פישר","ד""ר פישר",תיאור משרה טיפול בתקלות בקווי הייצור עבודה בצוותי אחזקה מכאנית וחשמל,"דרישות התפקיד חשמלאי מוסמך ומעשי - חובה ניסיון במכשור תעשייתי - חובה הבנת שרטוטי חשמל, מכשור ובקרה - חובה יכולת עבודה מול מחשב - חובה היכרות וניסיון עם תכנות בקרים מתוכנתים - יתרון אנגלית טכנית - חובה משרה מלאה 5 ימים בשבוע 07:00-16:00 עם גמישות לשעות נוספות עפ""י צורך וימי שישי לפי הצורך.  **המשרה רשומה בלשון זכר- אך פונה לשני המינים.",בעלי מקצוע & אחזקה & חשמלאי & טכנאי/ת,https://www.drushim.co.il/%D7%93%D7%A8%D7%95%D7%A9%D7%99%D7%9D-3430472-%D7%93%D7%A8-%D7%A4%D7%99%D7%A9%D7%A8/
אב/אם בית,- חסוי -,"תיאור משרה לחברה באזור השרון דרוש/ה אב/אם בית. אחריות שוטפת על תחזוקה של המשרדים, ביצוע שליחויות, תיאום והתנהלות מול ספקים, הזמנות ציוד, ניהול מלאי מחסן, בקרה על צוות ניקיון. סיוע תפעולי למחלקות השונות ומתן מענה לפניות כלל עובדי החברה. עבודה במשרה מלאה בימים א'-ה' . עובד/ת חברה מהיום הראשון.",דרישות התפקיד נסיון קודם בתפקיד דומה - חובה נסיון בעבודה מול ספקים ורכש היכרות עם תוכנות ה- OFFICE ידע באחזקה ואוריינטציה טכנית ניידות תודעת שירות גבוהה ויחסי אנוש טובים,בעלי מקצוע & אחזקה & מפקח/ת ניקיון & מנהל/ת עבודה,https://www.drushim.co.il/job/30497872/47dced83/
מכונאי/ת רכב כבד למרכז שירות ברמלה,מאיר חברה למכוניות,"תיאור משרה בואו להיות חלק מההצלחה המשפחתית של ""מאיר"" חברה למכוניות ומשאיות אצלנו תהנו מתנאים טובים, התפתחות מקצועית ואישית. אנחנו מגייסים מכונאי/ת למרכז שירות רכב כבד ברמלה מענק חג ( משכורת נוספת ) מענק התמדה ארוחות צהריים מסובסדות קרן השתלמות ביטוח רפואי פרטי מסובסד חנייה מסודרת פעילויות רווחה מגוונות",דרישות התפקיד ניסיון במכונאות - חובה,"רכב / תחבורה & מכונאי/ת רכב & מפעיל/ת צמ""ה & דיאגנוסטיקה",https://www.drushim.co.il/%D7%93%D7%A8%D7%95%D7%A9%D7%99%D7%9D-181567-%D7%9E%D7%90%D7%99%D7%A8-%D7%97%D7%91%D7%A8%D7%94-%D7%9C%D7%9E%D7%9B%D7%95%D7%A0%D7%99%D7%95%D7%AA/
דרוש/ה מסגר/איש/ת אחזקה,"""שטיבל"" טחנות קמח",תיאור משרה לחברה מובילה בתחומה באזור נתניה דרוש/ה מסגר/ איש/ת אחזקת מכונות הידראוליקה/ פנאומטיקה משרה מלאה א-ה +שעות נוספות וימי שישי על פי הצורך. תנאים טובים למתאימיםות,דרישות התפקיד - ניסיון כאיש/ת אחזקה/מסגרות בתעשייה - יכולת סדר וארגון -יכולת עבודה במשרה מלאה -זמינות מידית-יתרון גדול,תעשיה / ייצור & רתכים / מסגרים & טכנאי/ת - תעשייה וייצור & תחזוקה,https://www.drushim.co.il/%D7%93%D7%A8%D7%95%D7%A9%D7%99%D7%9D-970181-%D7%98%D7%97%D7%A0%D7%AA-%D7%A7%D7%9E%D7%97-%D7%91%D7%90%D7%A8-%D7%A9%D7%91%D7%A2/
למרכז שירות רמלה דרוש/ה איש/ת דיאגנוסטיקה רכב,מאיר חברה למכוניות,תיאור משרה למרכז שירות ברמלה דרוש/ה איש/ת דיאגנוסטיקה תנאים מעולים למתאימים/ות,דרישות התפקיד ניסיון בתחום - חובה הנדסאי רכב - יתרון,רכב / תחבורה & מכונאי/ת רכב & דיאגנוסטיקה & חשמלא/ית רכב,https://www.drushim.co.il/%D7%93%D7%A8%D7%95%D7%A9%D7%99%D7%9D-181567-%D7%9E%D7%90%D7%99%D7%A8-%D7%97%D7%91%D7%A8%D7%94-%D7%9C%D7%9E%D7%9B%D7%95%D7%A0%D7%99%D7%95%D7%AA/
"למרכז שירות בפ""ת איש/ת דיאגנוסטיקה רכב כבד",מאיר חברה למכוניות,"תיאור משרה למרכז שירות רכב כבד בפ""ת דרוש/ה איש/ת דיאגנוסטיקה עבודה בסביבת טכנולוגיות מתקדמות תנאים מצוינים למתאימים/ות",דרישות התפקיד ניסיון בתחום - חובה ניסיון ברכב כבד - יתרון גדול,רכב / תחבורה & דיאגנוסטיקה & רכב כללי,https://www.drushim.co.il/%D7%93%D7%A8%D7%95%D7%A9%D7%99%D7%9D-181567-%D7%9E%D7%90%D7%99%D7%A8-%D7%97%D7%91%D7%A8%D7%94-%D7%9C%D7%9E%D7%9B%D7%95%D7%A0%D7%99%D7%95%D7%AA/
"מכונאי/ת ניידת שירות למרכז שירות פ""ת",מאיר חברה למכוניות,"תיאור משרה למרכז שירות בפ""ת דרוש.ה מכונאי.ת ניידת נכונות לעבוד בשעות גמישות תנאים מצוינים למתאימים.ות",דרישות התפקיד ניסיון ברכב כבד- חובה הסמכות - יתרון גדול רישיון ג- חובה,רכב / תחבורה & חשמלא/ית רכב & מכונאי/ת רכב & גרירה וחילוץ,https://www.drushim.co.il/%D7%93%D7%A8%D7%95%D7%A9%D7%99%D7%9D-181567-%D7%9E%D7%90%D7%99%D7%A8-%D7%97%D7%91%D7%A8%D7%94-%D7%9C%D7%9E%D7%9B%D7%95%D7%A0%D7%99%D7%95%D7%AA/
"עובד/ת דלפק לחנות אלקטרוניקה בק. מוצקין - 10,000₪!",JOB SPACE,"תיאור משרה מחפשים עבודה שתקח אותכם צעד קדימה בקריירה שלכם? הגעתם למקום הנכון! אנחנו מחפשים כוכב חדש שיצטרף למשפחה שלנו ויהנה מתנאים מעולים.  חנות אלקטרוניקה ותיקה בקריית מוצקין מחפשת עובד/ת דלפק לעבודה מעניינת ומאתגרת.  עבודה במשרה מלאה במשמרות גמישות ונוחות. המקום פעיל מ08:30-19:30 א-ה, יום שישי 08:30-14:00.  שכר 10,000₪ + כל התנאים הסוציאלים המלאים!!",דרישות התפקיד - ידע באלקטרוניקה וחשמל - יתרון - שליטה באופיס - חובה - יחסי אנוש - וורבליות - תודעת שירות - יכולת לעבודה תחת לחץ - יתרון לבעלי שליטה בתוכנות sap,כללי & משרות כלליות & חייל/ת משוחרר/ת & מוכר/ת,https://www.drushim.co.il/%D7%93%D7%A8%D7%95%D7%A9%D7%99%D7%9D-3912084-jd%D7%94%D7%A9%D7%9E%D7%94/
דרושים/ות עובדי אינסטלציה באשקלון - 60₪-70₪ לשעה!!,JOB SPACE,"תיאור משרה אם אתם מחפשים עבודה מעניינת ומאתגרת עם שכר גבוה - יש לנו הצעה מעולה עבורכם! משרה עם שכר גבוה ותנאים שווים במיוחד למתאימים. חברה באווירה משפחתית עם בטחון ואופק תעסוקתי בחברה. עבודה במתכונת משרה מלאה- 8 שעות עבודה ביום. אז אם אתם בעלי ניסיון של שנה לפחות בתחום, הגישו מועמדות ונחזור אליכם בהקדם!",דרישות התפקיד ניסיון של שנה לפחות בתחום. נכונות לעבודה לטווח ארוך.,בעלי מקצוע & אינסטלציה & אחר & אחזקה,https://www.drushim.co.il/%D7%93%D7%A8%D7%95%D7%A9%D7%99%D7%9D-3912084-jd%D7%94%D7%A9%D7%9E%D7%94/
מפתח/ת אוטומציה,matrix,תיאור משרה במסגרת פרויקט האצה דיגיטלית חטיבת האוטומציה מגייסת מפתח/ת אוטומציה מנוסים לקחת חלק בשדרוג מערכות Web ו Mobile בבנק מוכר במרכז הארץ,"דרישות התפקיד ניסיון של שנתיים בפיתוח אוטומציה באמצעות קוד (Java, C#, Python). אוטומציה משולבת של בדיקות UI ו-API. ניסיון בפיתוח עבור IOS ו אנדרואיד – יתרון משמעותי",הייטק-QA & בדיקות אוטומטיות,https://www.drushim.co.il/%D7%93%D7%A8%D7%95%D7%A9%D7%99%D7%9D-4002258-%D7%90%D7%95%D7%98%D7%95%D7%9E%D7%A6%D7%99%D7%94%D7%95-devops/
מכונאי.ת ניידת שירות למרכז שירות בחיפה,מאיר חברה למכוניות,תיאור משרה למרכז שירות אוטובוסים באזור תעשייה עמק חפר דרוש.ה מכונאי.ת ניידת שירות תנאים מצויינים למתאימים.ות,דרישות התפקיד ניסיון ברכב כבד - חובה הסמכות - יתרון גדול רישיון ג- חובה,רכב / תחבורה & מכונאי/ת רכב & רכב כללי & גרירה וחילוץ,https://www.drushim.co.il/%D7%93%D7%A8%D7%95%D7%A9%D7%99%D7%9D-181567-%D7%9E%D7%90%D7%99%D7%A8-%D7%97%D7%91%D7%A8%D7%94-%D7%9C%D7%9E%D7%9B%D7%95%D7%A0%D7%99%D7%95%D7%AA/
"מכונאי/ת צמ""ה כבד למרכז שירות באשדוד",מאיר חברה למכוניות,"תיאור משרה בואו להיות חלק מההצלחה המשפחתית של ""מאיר"" חברה למכוניות ומשאיות אצלנו תהנו מתנאים טובים, התפתחות מקצועית ואישית. אנחנו מגייסים מכונאי/ת למרכז שירות רכב כבד באשדוד מענק חג ( משכורת נוספת ) מענק התמדה ארוחות צהריים מסובסדות קרן השתלמות ביטוח רפואי פרטי מסובסד חנייה מסודרת פעילויות רווחה מגוונות",דרישות התפקיד ניסיון במכונאות - חובה,"רכב / תחבורה & מכונאי/ת רכב & מפעיל/ת צמ""ה & דיאגנוסטיקה",https://www.drushim.co.il/%D7%93%D7%A8%D7%95%D7%A9%D7%99%D7%9D-181567-%D7%9E%D7%90%D7%99%D7%A8-%D7%97%D7%91%D7%A8%D7%94-%D7%9C%D7%9E%D7%9B%D7%95%D7%A0%D7%99%D7%95%D7%AA/
לקבוצת שיכון ובינוי דרוש/ה איש/אשת תפעול ותחזוקה,קבוצת שיכון ובינוי,"תיאור משרה לקבוצת שיכון ובינוי דרוש/ה איש/אשת תפעול ותחזוקה לעבודה באיירפורט סיטי התפקיד כולל: פיקוח על ניקיון הבניין ופיקוח על ההסעדה בבניין ביצוע שליחויות: כ- 3 פעמים בשבוע בעיקר לאזור המרכז , ייתכנו גם שליחויות לאזור ירושלים אחריות על הזמנות ציוד טיפול בחשבוניות טיפול בדואר נכנס","דרישות התפקיד ניסיון קודם כאיש תפעול - יתרון משמעותי השכלה תיכונית – חובה שליטת בתוכנות אופיס , בדגש על Excel",בעלי מקצוע & עובדי בניין & אחזקה & מפקח/ת ניקיון & לוגיסטיקה / שילוח & תפעול & לוגיסטיקה כללי,https://www.drushim.co.il/%D7%93%D7%A8%D7%95%D7%A9%D7%99%D7%9D-2786885-%D7%A9%D7%99%D7%9B%D7%95%D7%9F-%D7%95%D7%91%D7%99%D7%A0%D7%95%D7%99/
בודק/ת סחורה לחברה מובילה בשלומי - שכר גבוה!,JOB SPACE,תיאור משרה אם אתם מחפשים מקום עבודה נעים ומשפחתי עם אופק וביטחון תעסוקתי - הגעתם למקום הנכון! לחברה מובילה העוסקת בייבוא וייצור של מוצרי צריכה ואריזה הנמצאת בשלומי דרוש/ה בודק/ת סחורה.  במסגרת העבודה:  - אחריות על תקינות הסחורה לפני הפצה. - שינוע וסידור של מוצרי החברה. - רישיון על מלגזה - חובה!  עבודה במתכונת משרה מלאה: א-ה : 06:00-15:30. ללא ימי שישי כלל!  שכר בין 40₪-42₪ תלוי ניסיון! פרמיות והטבות לעובדים. כל התנאים הסוציאלים המלאים.,דרישות התפקיד ניסיון קודם בבידוק סחורה בשוק הקמונעאי - חובה. אפשרות הגעה עצמאית למקום העבודה בשלומי.,לוגיסטיקה / שילוח & לוגיסטיקה כללי & תפעול & מחסנאי/ת,https://www.drushim.co.il/%D7%93%D7%A8%D7%95%D7%A9%D7%99%D7%9D-3912084-jd%D7%94%D7%A9%D7%9E%D7%94/
מתקין/ת שטח למערכות מיגון ואביזרי רכב,פוינטר טלוקיישן,"תיאור משרה לחברת פוינטר המובילה במערכות איתור ומיגון לעולם הנהג והרכב, דרוש/ה: מתקין/ת שטח לביצוע התקנות של מערכות מיגון ואביזרי רכב לאזור חיפה/ירושלים/חולון במסגרת התפקיד: ביצוע התקנות עבור לקוחות החברה. עבודה שוטפת מול מוקד פנים ארגוני הנותן מענה ותמיכה לנקודות השירות ולמתקינים הפרוסים ברחבי הארץ. עבודה במשרה מלאה.","דרישות התפקיד ניסיון בביצוע התקנות של אביזרי מיגון לרכב, מערכות מולטימדיה וכד’ - חובה. רישיון נהיגה בתוקף. עבודה במשרה מלאה עם נכונות לכוננויות במידת הצורך. נכונות לעבודה לטווח ארוך. היכרות מעמיקה עם עולם הרכב.",בעלי מקצוע & מתקינים & חשמלאי & טכנאי/ת & רכב / תחבורה & חשמלא/ית רכב & מכונאי/ת רכב & רכב כללי,https://www.drushim.co.il/%D7%93%D7%A8%D7%95%D7%A9%D7%99%D7%9D-1621767-%D7%A4%D7%95%D7%99%D7%A0%D7%98%D7%A8-%D7%98%D7%95%D7%9C%D7%A7%D7%99%D7%99%D7%A9%D7%9F/
מתקיני מתח נמוך בתחום מצלמות אבטחה - 9000₪++,JOB SPACE,"תיאור משרה אם אתם מחפשים עבודה שגם תכניס לכם הרבה כסף וגם תמצאו מקצוע לחיים- הגעתם למקום הנכון! אנחנו מחפשים אנשים חרוצים בעלי רקע טכני לעבודה כממתקיני מתח נמוך בתחום מצלמות האבטחה בחיפה. דרושים מתקיני מתח נמוך תקשורת אזעקות מצלמות תקשורת אודיו וידאו עם ניסיון בלבד. תחום מעניין ומרתק עם אופק תעסוקתי רחב. במסגרת העבודה התקנת מצלמות אבטחה, אזעקות, תקשורת, מחשבים וכו העבודות נמצאות באזור הצפון. עבודה בימים א-ה - שעות גמישות. 08:00-16:30 ללא ימי שישי כלל!  אופציה לרכב צמוד.  שכר גבוה מאוד + כל התנאים הסוציאליים!",דרישות התפקיד ניסיון במתח נמוך - חובה! רקע טכני - חובה מתקיני מתח נמוך תקשורת אזעקות מצלמות תקשורת אודיו וידאו ידע בתחום החשמל ומתח נמוך- חובה.,בעלי מקצוע & טכנאי/ת מתח נמוך & חשמלאי & מתקינים,https://www.drushim.co.il/%D7%93%D7%A8%D7%95%D7%A9%D7%99%D7%9D-3912084-jd%D7%94%D7%A9%D7%9E%D7%94/
דרוש/ה טכנאי שירות למערכות מתח נמוך מאוד,- חסוי -,"תיאור משרה טכנאי שירות למערכות מתח נמוך מאוד משרה מלאה ומידית א-ה 08:00-17:00, לטווח הארוך הגעה למשרדי החברה בראשל""צ בכל בוקר ויציאה לעבודת שטח בכל חלקי הארץ העבודה כוללת עבודה בגובה – הכשרה תינתן ע""ח החברה המשרה כוללת תורנות כוננות. יתכנו הקפצות בשעות לא שגרתיות ובסופי שבוע בתוספת תשלום 200% מרגע היציאה לקריאה. שכר מתגמל+ תוספת כוננות+ רכב+ נייד+ סיבוס+ שעות נוספות+ תוספת זמן נסיעה לאזורים מוגדרים מראש.",דרישות התפקיד נכונות לעבודה מאומצת ובשעות נוספות בתשלום ניסיון של שנתיים לפחות כטכנאי שירות למערכות מתח נמוך בכל אחד או יותר מהתחומים הבאים – פריצה / טלויזיה במעגל סגור / כריזה / בקרת כניסה / אינטרקום - חובה! אוריינטציה שירותית גבוהה רישיון נהיגה בתוקף - חובה. השכלה בתחום החשמל ו/או האלקטרוניקה - יתרון. המשרה אינה מתאימה לטכנאי מעבדה,בעלי מקצוע & טכנאי/ת מתח נמוך & טכנאי/ת,https://www.drushim.co.il/job/30460100/cde40530/
עובד אחזקה,-חסוי-,"תיאור משרה איש אחזקה עם ניסיון, לדיור מוגן ברשת דיורים מוגנים בחיפה חלק מצוות האחזקה של הדיור המוגן משרה חלקית","דרישות התפקיד בעל רמת שרות גבוהה. נכונות לשעות נוספות סבלנות לבני הגיל השלישי ידע בעבודות אינסטלציה, צביעה וגבס ייתרון",בעלי מקצוע & אינסטלציה & צבעים & אחזקה,https://www.drushim.co.il/job/30456528/b8d65552/
טכנאי/ הנדסאי בקרה לתחנת הכוח אורות יוסף,תחנת כח אורות יוסף,"תיאור משרה טכנאי/ת מהנדס\ת בקרה, לתחנת הכוח אורות יוסף (רמת חובב) תפעול ותחזוקה. העבודה במשרה מלאה ובזמינות מיידית, בכפיפות למנהל מדור בקרה. תחומי אחריות עיקריים: ? תפעול ותחזוקת מערכות בקרה השונות ( ABB, SIEMENS , GE וכו' ) ? ביצוע שינוים SW ו- HW במערכות הבקרה ובקרי שטח ? ניטור וטיפול בתקלות מחשוב ובקרים - תקשורת, רשתות ? ניהול תהליכים ? בדיקה, כיול, תחזוקה וטיפול בתקלות מכשור (ווסתים ושסתומים פנאומטיים, הידראוליים וחשמליים, ציוד קצה וכו').","דרישות התפקיד ? תעודת הנדסאי/מהנדס חשמל / מחשוב / מכשור ובקרה / אלקטרוניקה- יתרון ? ידע במחשוב, יתרון תעודה ממסד מוכר ? ידע ונסיון בתכנות בקרים בשפות שונות ? ניסיון וידע בסיסי בתחום החשמל והאנרגיה. ? היכרות פרוטוקולי תקשורת בקרים ( MB, MB+ , HARTוכו' ) – יתרון ? ניסיון בעבודות מכשור בתעשייה התהליכית – חובה ? מוכנות לעבודה בשעות חריגות כולל סופי שבוע ? רישיון חשמלאי /ת – יתרון ? ידע והכרה של סוגי מכשור שונים: מכשירי מדידת לחץ, טמפרטורה, ספיקה ? שליטה טובה באנגלית טכנית ? נכונות לעבודת שטח, עבודה פיזית ועבודה בגובה ? יכולת לפתור בעיות באופן עצמאי במהלך העבודה. ? אחריות ומוסר עבודה גבוה. ? ניסיון של שנתיים לפחות בתפקידים דומים. ? תודעת שירות גבוהה. ? יכולת לעבוד תחת לחץ וריבוי משימות. ? פרואקטיביות ויכולת הובלת משימות עצמאית. ? ראייה מערכתית. ? קפדנות ויסודיות. ? יתרון נסיון בניהול ? יתרון היכרות עם נהלי ISO",תעשיה / ייצור & איש/ת מכשור ובקרה & חשמל ואלקטרוניקה,https://www.drushim.co.il/job/30538152/f2d4b758/
לחברה מובילה דרושים/ות טכנאי/ות מיזוג מנוסים,- חסוי -,"תיאור משרה לחברה מובילה בתחום מיזוג האוויר המתמחה במערכות מיזוג לחדרי מחשב דרושים/ות טכנאי/ות מיזוג מנוסים. התפקיד כולל מתן שירות, ותחזוקה למערכות מיזוג מתקדמות שברשות לקוחות החברה ופרויקטים ייעודיים. למתאימים/ות תינתן גם הכשרה מורחבת בתחום. היקף המשרה: משרה מלאה ולטווח ארוך, ימים א'- ה' 8:00-17:00 ימי ו' 8:00-13:00 בהתאם לנדרש.","דרישות התפקיד * השכלה רלוונטית ומוכחת בתחום מיזוג האוויר (בוגר/ת קורס / טכנאי/ת /הנדסאי/ת) * רישיון חשמלאי/ת מעשי/ת /מוסמך/ת בתוקף - חובה. * ניסיון קודם מוכח כטכנאי/ת מיזוג אוויר מנוסה (3-5 שנים) - יתרון. * רישיון נהיגה בתוקף - חובה. * ניסיון קודם בתחום מיזוג אוויר תעשיתי מרכזי / צילרים / יט""א - יתרון. * אנגלית ברמה טובה * ידע בתחום הבקרה - יתרון * נכונות לעבודה מאומצת ושעות נוספות. * שירותיות, רצינות, מוסר עבודה גבוה, רצון ויכולת למידה, תקשורת בינאישית טובה ויכולת לעבוד בצוות *דרישה ליכולת להיות כונן 24/7",בעלי מקצוע & טכנאי/ת & חשמלאי & טכנאי/ת מיזוג אוויר,https://www.drushim.co.il/job/30623139/2e6cf921/
דרוש/ה מכונאי/ת ליבואן אופנועים וקטנועים,- חסוי -,"תיאור משרה ליבואן אופנועים וקטנועים בשרון דרוש/ה מכונאי/ת. בדיקה לפני קנייה, תיקון והשבחת אופנועים, ביצוע טיפולים ואחזקה שוטפת לאופנועי כביש ושטח. ניסיון בהרכבת אופנועים, PDI ניסיון בעבודה עם ספרות טכנית. ניסיון בעבודה עם מערכות דיאגנוסטיקה וניהול תהליכי עבודה ממוחשבים. משרה מלאה + ימי ו’ לסירוגין","דרישות התפקיד רישיון על כלי דו גלגלי- חובה. תעודת הסמכה מכונאי/ת ניסיון במכונאות אופנועים של 3 שנים לפחות שירותיות, יחסי אנוש מעולים. ידע ביישומי OFFICE חובה.",רכב / תחבורה & מכונאי/ת רכב & דיאגנוסטיקה,https://www.drushim.co.il/job/30521261/22ea3087/
דרוש/ה עובד תחזוקה ונקיון לקיבוץ גבעת חיים איחוד,גבעת חיים איחוד,"תיאור משרה משרה: עבודת ניקיון ותחזוקה של חצר המשק. עזרה בשמירה על סביבה נקייה ויפה. משרה חלקית 3 ימים בשבוע, בשעות הבוקר. עבודה באווירה נעימה ויחסי אישי.",דרישות התפקיד -חריצות -עבודה בתנאי חוץ - אדיבות,שמירה / אבטחה & מאבטח/ת,https://www.drushim.co.il/%D7%93%D7%A8%D7%95%D7%A9%D7%99%D7%9D-3722844-%D7%92%D7%91%D7%A2%D7%AA%D7%97%D7%99%D7%99%D7%9D%D7%90%D7%99%D7%97%D7%95%D7%93/
לוקח/ת דם לאפרת בגוש עציון,מכבי שירותי בריאות,"תיאור משרה מכבי שירותי בריאות מגייסת לוקח/ת דם ורידי - לקיחת דם מחברי הקופה בדגש על מקצועיות, יעילות, שירותיות ורגישות.  על המשרה • לקיחת דגימות מנבדקים, הכנת הדגימות לביצוע הבדיקות ושליחתן למעבדה הארצית להמשך ביצוע. • טיפול בפן האדמיניסטרטיבי של תיעוד הבדיקות ובהקלדת תוצאות בדיקות המגיעות ממעבדות בתי חולים. • הפעלת שיקול דעת ביחס לתוצאות חריגות. • שעות פעילות - 07:20-11:20, ימים א'-ה'. • היקף המשרה - 50%. המשרה הינה זמנית עם אופציה לקבלת קביעות בעתיד. • מיקום המשרה - שד' דוד המלך 39 (בניין ""המחר"" קומה 3), אפרת.","דרישות התפקיד • רישיון שאיבת דם מטעם משרד הבריאות – חובה. • יכולת לעבוד בסביבה ממוחשבת – חובה. • שליטה בשפה העברית – חובה. • אנגלית ברמה בסיסית – חובה.  • על פי הוראת משרד הבריאות, נדרש לבצע בדיקה במרפאה תעסוקתית והשלמת חיסונים, בהתאם לתכנית החיסונים של עובדי מערכת הבריאות.","רפואה / בריאות & חובש/ת / מע""ר/ית & כוח עזר & רפואה - כללי",https://www.drushim.co.il/%D7%93%D7%A8%D7%95%D7%A9%D7%99%D7%9D-2644594-%D7%9E%D7%9B%D7%91%D7%99-%D7%A9%D7%99%D7%A8%D7%95%D7%AA%D7%99-%D7%91%D7%A8%D7%99%D7%90%D7%95%D7%AA/
אחראי/ית אחזקה לאיזור דרום,חסוי,"תיאור משרה לחברה יבואנית מובילה דרוש/ה אחראי/ת אחזקה עם תעודת חשמלאי, במסגרת התפקיד: ניהול תחזוקת אתרי החברה באזור הדרום וירושלים. תחומי אחריות: תחזוקת שבר, תחזוקה מונעת, ניהול חברת הניקיון. עבודה ובקרה על קבלני משנה עבודה משרדית משולבת שטח משרה מלאה , א-ה 8:00-17:00",דרישות התפקיד תעודת חשמלאי+ניסיון - חובה רקע טכני - חובה ניסון בעבודה מול מחשב רישיון נהיגה (המשרה כוללת רכב),בעלי מקצוע & חשמלאי & אחזקה & טכנאי/ת,https://www.drushim.co.il/job/30586545/2e3e7421/
עובד/ת כללי למעבדה -חצי משרה,כימוביל,תיאור משרה תמיכה ועזרה לעובדי במעבדה במשימות השוטפות: - הכנת מצעים ודוגמאות - מילוי מסמכים - דאגה לסדר וארגון המעבדה,"דרישות התפקיד זמינות לעבודת מעבדה שוטפת יכולת עבודה על מחשב ביצוע משימות מגוונות תחת תנאי לחץ יכולת עבודה בצוות זמינות לשעות עבודה 7:30-12:30 זריזות, אחריות ודייקנות",כללי & משרות כלליות & חייל/ת משוחרר/ת & פנסיונר/ית,https://www.drushim.co.il/%D7%93%D7%A8%D7%95%D7%A9%D7%99%D7%9D-123750-%D7%91%D7%A7%D7%98%D7%95%D7%9B%D7%9D/
"לביה""ח וולפסון בחולון דרוש/ה אינסטלטור/ית",בית חולים וולפסון,תיאור משרה למחלקת שירותים טכניים בבית חולים וולפסון דרוש/ה אינסטלטור/ית: - תיקון תקלות במערכות האינסטלציה השונות - פתיחת סתימות בצנרת - תיקון נזילות - התקנת כלים שונים במערכת האינסטלציה,"דרישות התפקיד 12 שנות לימוד – חובה תעודת אינסטלטור מוסמך – חובה! שנתיים ניסיון בתעשייה קו""ח יש להעביר למייל הבא: drushim@wmc.gov.il",בעלי מקצוע & אינסטלציה,https://www.drushim.co.il/%D7%93%D7%A8%D7%95%D7%A9%D7%99%D7%9D-3459162-%D7%91%D7%99%D7%AA-%D7%97%D7%95%D7%9C%D7%99%D7%9D-%D7%95%D7%95%D7%9C%D7%A4%D7%A1%D7%95%D7%9F/
טכנאי שטח למתן שירות והתקנות -תנאים מעולים!,- חסוי -,"תיאור משרה דרוש טכנאי שטח לחברה מובילה בתחומה * מתן שירות תקופתי ללקוחות * התקנות ותיקונים קלים * אספקת ציוד * משרה מלאה, קבועה ולטווח ארוך. * משרדי החברה ממוקמים באזור השרון * הכשרה ע""ח החברה * רכב צמוד, בונוסים ותנאים טובים למתאימים!","דרישות התפקיד * שירותי ונעים * יכולת טכנית * ניסיון כטכנאי שטח ובהתקנות - יתרון רב! * מסירות,אמינות, אחריות אישית * רישיון נהיגה בתוקף יכולת עמידה בלחצים וזריזות",בעלי מקצוע & טכנאי/ת & מתקינים & טכנאי/ת מעליות,https://www.drushim.co.il/job/30442943/1405e769/
הנדסאי/טכנאי מכונות,- חסוי -,תיאור משרה דרוש/ה הנדסאי/טכנאי מכונות. היקף משרה מלאה. תנאים טובים למתאימים! מגורים באזור חיפה.,"דרישות התפקיד ידע בקריאת שרטוטים מכניים. נסיון בביקורת איכות, אינטגרציה, מחסן, יציבות תעסוקתית.",הנדסה & הנדסאי/ת מכונות & הנדסאים כללי & הנדסאי/ת בניין,https://www.drushim.co.il/job/30526581/a6a53f74/
טכנאי הרכבות מכשירים ואלקטרוניקה במעבדה,- חסוי -,"תיאור משרה לחברה מובילה בתחום מזה 15 שנה דרוש למערך הייצור, מרכיב עם ידע בהלחמות, ידיים טכניות, יכולת הרכבת מכשירים, דייקנות ועבודה מדוייקת. העבודה היא בימים א'-ה' יום מהשעה 08:00 עד השעה 17:00",דרישות התפקיד ניסיון בהרכבות מכשירים אלקטרונים עדינים. ניסיון בהלחמות. ידע טכני.,תעשיה / ייצור & מרכיב/ה מכאני/ת & טכנאי/ת - תעשייה וייצור & עובד/ת ייצור,https://www.drushim.co.il/job/30579800/41ef9fe9/
מכונאי/ת רכב למרכז שירות רכב כבד,מאיר חברה למכוניות,"תיאור משרה בואו להיות חלק מההצלחה המשפחתית של ""מאיר"" חברה למכוניות ומשאיות אצלנו תהנו מתנאים טובים, התפתחות מקצועית ואישית. אנחנו מגייסים מכונאי/ת למרכז שירות רכב כבד באשדוד אם את.ה בעל.ת ניסיון במכונאות מקומך איתנו ......  אנחנו מציעים: מענק חג ( משכורת נוספת ) מענק התמדה ארוחות צהריים מסובסדות קרן השתלמות ביטוח רפואי פרטי מסובסד חנייה מסודרת פעילויות רווחה מגוונות",דרישות התפקיד ניסיון במכונאות - חובה,"כללי & עבודה מועדפת & חייל/ת משוחרר/ת & רכב / תחבורה & מכונאי/ת רכב & מפעיל/ת צמ""ה & דיאגנוסטיקה",https://www.drushim.co.il/%D7%93%D7%A8%D7%95%D7%A9%D7%99%D7%9D-181567-%D7%9E%D7%90%D7%99%D7%A8-%D7%97%D7%91%D7%A8%D7%94-%D7%9C%D7%9E%D7%9B%D7%95%D7%A0%D7%99%D7%95%D7%AA/
מכונאי/ת רכב כבד למרכז שירות בבאר שבע,מאיר חברה למכוניות,"תיאור משרה בואו להיות חלק מההצלחה המשפחתית של ""מאיר"" חברה למכוניות ומשאיות אצלנו תהנו מתנאים טובים, התפתחות מקצועית ואישית. אנחנו מגייסים מכונאי/ת למרכז שירות רכב כבד בבאר שבע מענק חג ( משכורת נוספת ) מענק התמדה ארוחות צהריים מסובסדות קרן השתלמות ביטוח רפואי פרטי מסובסד חנייה מסודרת פעילויות רווחה מגוונות",דרישות התפקיד ניסיון במכונאות - חובה,"כללי & עבודה מועדפת & חייל/ת משוחרר/ת & רכב / תחבורה & מכונאי/ת רכב & מפעיל/ת צמ""ה & דיאגנוסטיקה",https://www.drushim.co.il/%D7%93%D7%A8%D7%95%D7%A9%D7%99%D7%9D-181567-%D7%9E%D7%90%D7%99%D7%A8-%D7%97%D7%91%D7%A8%D7%94-%D7%9C%D7%9E%D7%9B%D7%95%D7%A0%D7%99%D7%95%D7%AA/
איש/ת דיאגנוסטיקה למרכז שירות רכב כבד בעמק חפר,מאיר חברה למכוניות,תיאור משרה למרכז שירות רכב כבד בעמק חפר דרוש/ה איש/ת דיאגנוסטיקה עבודה בסביבת טכנולוגיות מתקדמות תנאים מצוינים למתאימים/ות,דרישות התפקיד ניסיון בתחום - חובה ניסיון ברכב כבד - יתרון גדול,כללי & עבודה מועדפת & חייל/ת משוחרר/ת & רכב / תחבורה & דיאגנוסטיקה,https://www.drushim.co.il/%D7%93%D7%A8%D7%95%D7%A9%D7%99%D7%9D-181567-%D7%9E%D7%90%D7%99%D7%A8-%D7%97%D7%91%D7%A8%D7%94-%D7%9C%D7%9E%D7%9B%D7%95%D7%A0%D7%99%D7%95%D7%AA/
מכונאי/ת רכב כבד למרכז שירות בפתח תקווה,מאיר חברה למכוניות,"תיאור משרה בואו להיות חלק מההצלחה המשפחתית של ""מאיר"" חברה למכוניות ומשאיות אצלנו תהנו מתנאים טובים, התפתחות מקצועית ואישית. אנחנו מגייסים מכונאי/ת למרכז שירות רכב כבד בפתח תקווה מענק חג ( משכורת נוספת ) מענק התמדה ארוחות צהריים מסובסדות קרן השתלמות ביטוח רפואי פרטי מסובסד חנייה מסודרת פעילויות רווחה מגוונות",דרישות התפקיד ניסיון במכונאות - חובה,כללי & עבודה מועדפת & חייל/ת משוחרר/ת & רכב / תחבורה & מכונאי/ת רכב & גרירה וחילוץ & דיאגנוסטיקה,https://www.drushim.co.il/%D7%93%D7%A8%D7%95%D7%A9%D7%99%D7%9D-181567-%D7%9E%D7%90%D7%99%D7%A8-%D7%97%D7%91%D7%A8%D7%94-%D7%9C%D7%9E%D7%9B%D7%95%D7%A0%D7%99%D7%95%D7%AA/
מכונאי/ת למרכז שירות בחדרה,מאיר חברה למכוניות,"תיאור משרה בואו להיות חלק מההצלחה המשפחתית של ""מאיר"" חברה למכוניות ומשאיות אצלנו תהנו מתנאים טובים, התפתחות מקצועית ואישית. אנחנו מגייסים מכונאי/ת למרכז שירות רכב כבד בחדרה. מענק חג ( משכורת נוספת ) מענק התמדה ארוחות צהריים מסובסדות קרן השתלמות ביטוח רפואי פרטי מסובסד חנייה מסודרת פעילויות רווחה מגוונות",דרישות התפקיד ניסיון במכונאות - חובה,כללי & עבודה מועדפת & חייל/ת משוחרר/ת & רכב / תחבורה & מכונאי/ת רכב & גרירה וחילוץ & דיאגנוסטיקה,https://www.drushim.co.il/%D7%93%D7%A8%D7%95%D7%A9%D7%99%D7%9D-181567-%D7%9E%D7%90%D7%99%D7%A8-%D7%97%D7%91%D7%A8%D7%94-%D7%9C%D7%9E%D7%9B%D7%95%D7%A0%D7%99%D7%95%D7%AA/
עובד/ת כללי/ת למעבדת איכות הסביבה,כימוביל,תיאור משרה איתור דוגמאות והבאתן לבדיקות לפי דרישות עובדי המעבדה החזרת דוגמאות בסיום יום עבודה בצורה מסודרת לפי תאריכי קליטה לעגלות. תמיכה בעובדי המעבדה עבודה בתוך מקרר דוגמאות,"דרישות התפקיד יחסי אנוש טובים, שירותיות זריזות סדר וארגון, אחריות ודייקנות יכולת עבודה פיזית",כללי & משרות כלליות & פנסיונר/ית,https://www.drushim.co.il/%D7%93%D7%A8%D7%95%D7%A9%D7%99%D7%9D-123750-%D7%91%D7%A7%D7%98%D7%95%D7%9B%D7%9D/
"איש אחזקה למתחם יוקרתי במרכז ת""א",- חסוי -,"תיאור משרה אנחנו מגייסים למתחם יוקרתי המשלב מגוון רחב של שימושים איש אחזקה לביצוע עבודות אחזקת מבנה מונעת ושבר הכוללות בין היתר אינסטלציה, חשמל, תיקוני צבע, פרזול והכרת מערכות אלקטרו-מכניות. כחלק מהתפקיד- ליווי והפעלת קבלני משנה בשטח האתר ** עבודה לטווח ארוך עם אופק קידומי שכר ברוטו 11K-12K",דרישות התפקיד * רישיון חשמל- חובה * מוסר עבודה גבוה ויכולת עבודה עצמאית * יחסי אנוש מעולים ושירותיות * יכולת עבודה רבת ממשקים * ניסיון בתחום אחזקת מבנה- יתרון * יכולת למידה גבוהה * זמינות לתקלות חרום מעבר לשעות העבודה,בעלי מקצוע & חשמלאי & אחזקה,https://www.drushim.co.il/job/30483014/358d022f/
דרוש/ה מכונאי/ת רכב לחברה מובילה!!,פליינג קרגו,"תיאור משרה דרוש/ה מכונאי/ת רכב למשרת שטח, עבודה במשרה מלאה א'-ה' 06:00-16:00 (ימי שישי לפי צורך) קבלת רכב צמוד, דמי אש""ל, ביטוח בריאות על חשבון החברה ועוד שלל תנאים מעולים!! במסגרת התפקיד: אחריות וביצוע בדיקות בטיחות למשאיות החברה (חודשי), טיפול ובקרה למשאית- תיקונים, בקרת נראות וניקיון, בקרה וטיפול בקריאות רכב שנפתחו בעקבות תקלות, מניעת ימי השבתה למשאיות וצמצום כניסה למוסכים, אטימות משאיות, בדיקת שטח לפני תיקון במוסך וביקורת למוסך, ניהול מלאי חלקי חילוף, תיאום מול טכנאי שטח של ספקים שונים. טיפול וניהול חילוץ משאיות מהשטח ויציאה לשטח במידת הצורך.",דרישות התפקיד רישיון נהיגה B- חובה תעודת מכונאי סוג 2 ומעלה- חובה ניסיון בתחום- יתרון משמעותי רישיון C1 -יתרון משמעותי,רכב / תחבורה & מכונאי/ת רכב & רכב כללי & חשמלא/ית רכב,https://www.drushim.co.il/%D7%93%D7%A8%D7%95%D7%A9%D7%99%D7%9D-3376436-%D7%A4%D7%9C%D7%99%D7%99%D7%A0%D7%92-%D7%A7%D7%A8%D7%92%D7%95-%D7%A9%D7%99%D7%A8%D7%95%D7%AA%D7%99%D7%9D-%D7%9C%D7%95%D7%92%D7%99%D7%A1%D7%98%D7%99%D7%99%D7%9D/
דרושים/ות טכנאים/ות מערכות בטחון לחברת רשף בטחון!,"רשף ביטחון בע""מ","תיאור משרה הגדרת התפקיד: העבודה כוללת מתן שירות ופתרונות למערכות מתח נמוך: מערכות אזעקה מצלמות בקרת כניסה מערכות אנליטיקה התפקיד דורש מקצועיות, דיוק וראש גדול, ראייה מרחבית וידיים טובות","דרישות התפקיד רישיון נהיגה - חובה זמינות למשרה מלאה נדרש ניסיון של שנה בתפקיד -חובה! תודעת שירות גבוהה יחסי אנוש מעולים גישה טכנית הבנה טכנולוגית ודיוק מעשי ראייה מרחבית בעלי מוטיבציה גבוהה. אחריות, רצינות, אמינות",בעלי מקצוע & טכנאי/ת מתח נמוך & טכנאי/ת,https://www.drushim.co.il/%D7%93%D7%A8%D7%95%D7%A9%D7%99%D7%9D-1313226-%D7%A8%D7%A9%D7%A3-%D7%91%D7%99%D7%98%D7%97%D7%95%D7%9F/
לבית הורים דרוש/ה עובד/ת אחזקה כללי,"ליצק השקעות בע""מ",תיאור משרה לבית אבות במרכז דרוש/ה עובד/ת אחזקה כללי לביצוע פעולות אחזקה שוטפות. עמידה בלוחות זמנים ויעדים משעה 08:00-13:00ימים א-ה,"דרישות התפקיד הגדלת ראש, יכולת עבודה עצמאית, ניסיון בביצוע עבודות אחזקה, תיקונים בתחומים שונים: צבע, אינסטלציה (כללי). רישיון רכב, יתרון לרישיון מלגזה",כללי & משרות כלליות,https://www.drushim.co.il/%D7%93%D7%A8%D7%95%D7%A9%D7%99%D7%9D-244077-%D7%91%D7%99%D7%AA-%D7%94%D7%95%D7%A8%D7%99%D7%9D-%D7%A8%D7%97%D7%9C-%D7%9C%D7%99%D7%A6%D7%A7/
סטודנט/ית למעבדה -משרה זמנית,כימוביל,תיאור משרה ביצוע בדיקות מעבדה כימיות בתחום איכות הסביבה (כימיה רטובה) הפעלת ציוד אנליטי באופן עצמאי עבודה בסביבה דינאמית עבודה בסטנדרטים גבוהים של איכות,דרישות התפקיד סטודנטים לתארים מדעיים-חובה היקף משרה: התחייבות ל- 2-3 משמרות ערב בשבוע בשעות הערב 15:00-22:00 (גמיש) חפיפה תתבצע בשעות הבוקר מס' ימים משרה זמנית לחודשי הקיץ-אפשרות למשרה קבועה בהמשך,מדעים / ביוטק & כימיה & לבורנט/ית & סטודנטים - מדעים / ביוטק,https://www.drushim.co.il/%D7%93%D7%A8%D7%95%D7%A9%D7%99%D7%9D-123750-%D7%91%D7%A7%D7%98%D7%95%D7%9B%D7%9D/
מתקין/ה מזגנים לחברה בנס ציונה,גולן מיזוג אוויר,"תיאור משרה לחברת שירותי מיזוג אוויר דרוש/ה מתקין/ת מזגנים לעבודה באזור נס ציונה, למתן שירות למערכות מיזוג אוויר. *משרה מלאה. *תנאים טובים למתאימים/ות! ניתן ליצור קשר: 054-331-0067",דרישות התפקיד - בעל/ת יכולת עבודה עצמאית. - בעל/ת יחסי אנוש מעולים. - לאחר שירות צבאי,בעלי מקצוע & טכנאי/ת מיזוג אוויר & חשמלאי & מתקינים,https://www.drushim.co.il/%D7%93%D7%A8%D7%95%D7%A9%D7%99%D7%9D-1244009-%D7%92%D7%95%D7%9C%D7%9F-%D7%9E%D7%99%D7%96%D7%95%D7%92-%D7%90%D7%95%D7%95%D7%99%D7%A8/
נציג/ת שירות למוקד טכני איתוראן,איתוראן,תיאור משרה לחברת איתוראן דרוש/ה נציג/ת שירות למוקד אקטיבציה לאיתוראן שירות ומיגון דרושים נציגים למוקד טכני במוקד הפעיל בשעות הבוקר מענה טלפוני למתקיני איתוראן בתחום הטכני שעות עבודה: א'-ה' 7:30-18:30 במשמרות של 7/8 שעות+ נכונות לשעות נוספות במידת הצורך. ימי ו' לסירוגין- חובה (עד השעה 14:00),דרישות התפקיד נסיון מול מחשב- יתרון עבודה במוקדי שירות/ מכירה- יתרון,שירות לקוחות & שירות לקוחות & תמיכה טכנית & טלפן/ית & מכירות & איש/ת מכירות & נציג/ת טלמרקטינג & מוכר/ת,https://www.drushim.co.il/%D7%93%D7%A8%D7%95%D7%A9%D7%99%D7%9D-936608-%D7%90%D7%99%D7%AA%D7%95%D7%A8%D7%90%D7%9F/
מבנאי/ית,"אירונאוטיקס בע""מ","תיאור משרה .חברה אירונאוטיקס מתמחה בפיתוח וייצור של כטב""מים ורחפנים לתחום הביטחוני  אנו מחפשים עובדי ייצור לטובת בניית רכיבי מערכת באמצעות חומרים מרוכבים (חיתוך, שיוף, הדבקה, התאמה ומסמר) לפי תיקי ייצור והוראות עבודה.","דרישות התפקיד ניסיון קודם בבניין/נגרות ניסיון קודם בחברה המתמחה בייצור מוצרים מבוססי חומרים מרוכבים (מחלקת ייצור, תעשיית אבטחה)-יתרון קריאת שרטוטים-יתרון",תעשיה / ייצור & עובד/ת ייצור & פועל/ת,https://www.drushim.co.il/%D7%93%D7%A8%D7%95%D7%A9%D7%99%D7%9D-3854913-aeronauticsdefensesystems/
"טכנאי מתח נמוך, תנאים מעולים!",טופ סקייליין הנדסה,"תיאור משרה לחברה גדולה בתחום המתח הנמוך דרושים טכנאים עם ידע וניסיון מוכח של שלוש שנים לפחות במערכות מתח נמוך לעבודה אצל לקוחות מוסדיים וביטחוניים, עבר ללא דופי בעלי רישיון נהיגה. *** תנאים מעולים למתאימים ***",דרישות התפקיד ניסיון מוכח של שלוש שנים לפחות רישיון נהיגה ללא עבר פלילי הסמכה למתח נמוך- יתרון נכונות לעבוד ברחבי הארץ כולל כונניות,בעלי מקצוע & טכנאי/ת מתח נמוך & חשמלאי & טכנאי/ת,https://www.drushim.co.il/%D7%93%D7%A8%D7%95%D7%A9%D7%99%D7%9D-311299-%D7%98%D7%95%D7%A4-%D7%A1%D7%A7%D7%99%D7%99-%D7%9C%D7%99%D7%99%D7%9F/
נציג/ת שירות למוקד טכני איתוראן,איתוראן,תיאור משרה לחברת איתוראן דרוש/ה נציג/ת שירות למוקד אקטיבציה לאיתוראן שירות ומיגון דרושים נציגים למוקד טכני במוקד הפעיל בשעות הבוקר מענה טלפוני למתקיני איתוראן בתחום הטכני,דרישות התפקיד שעות עבודה: א'-ה' 7:30-18:30 במשמרות של 7/8 שעות+ נכונות לשעות נוספות במידת הצורך. ימי ו' לסירוגין- חובה (עד השעה 14:00) נסיון מול מחשב- יתרון עבודה במוקדי שירות/ מכירה- יתרון,שירות לקוחות & שירות לקוחות & תמיכה טכנית & טלפן/ית,https://www.drushim.co.il/%D7%93%D7%A8%D7%95%D7%A9%D7%99%D7%9D-936608-%D7%90%D7%99%D7%AA%D7%95%D7%A8%D7%90%D7%9F/
עובד תחזוקה,המכללה האקדמית צפת,"תיאור משרה - טיפול בבקשות אחזקה שוטפות בתחומים שונים. - ביצוע עבודות שיפוץ ואחזקה בתחומים שונים כגון: עבודות חשמל, אינסטלציה, נגרות, מסגרות, צבע, מיזוג, חצרנות וכיו""ב. - מתן שירותי לוגיסטיקה כללים לצרכים שוטפים.",דרישות התפקיד - ניסיון מוכח של שנתיים בתפקיד דומה- חובה. - תעודת חשמלאי מוסמך ו/או טכנאי מיזוג אויר - יתרון. - התמחות מוכחת בנושאי בינוי שונים - יתרון. - תודעת שירות והקפדה על אתיקה בעבודה. - יכולת טכנית טובה מאוד- חובה. - ניסיון בעבודות בינוי ושיפות-חובה.,לוגיסטיקה / שילוח & לוגיסטיקה כללי,https://www.drushim.co.il/%D7%93%D7%A8%D7%95%D7%A9%D7%99%D7%9D-2585181-%D7%94%D7%9E%D7%9B%D7%9C%D7%9C%D7%94-%D7%94%D7%90%D7%A7%D7%93%D7%9E%D7%99%D7%AA-%D7%A6%D7%A4%D7%AA/
"עובד/ת אחזקה לדיור מוגן וקהילתי בת""א- שעות גמישות",עמותת רעות,תיאור משרה לדיור מוגן ולדיור קהילתי לאזרחים ותיקים בשכונת יד אליהו בתל אביב דרוש/ה עובד/ת אחזקה. במסגרת התפקיד: ביצוע עבודות תחזוקה כלליות. רישום ודיווח פעילות בתוכנת אחזקה. העבודה בימים א-ה.,דרישות התפקיד ניסיון בעבודות אחזקה שונות. ניסיון בגינון- יתרון סבלנות ויכולת עבודה עצמאית. יזמות ואקטיביות. * משרה זו פונה לנשים וגברים כאחד..,בעלי מקצוע & אחזקה & כללי & משרות כלליות & חייל/ת משוחרר/ת,https://www.drushim.co.il/%D7%93%D7%A8%D7%95%D7%A9%D7%99%D7%9D-1466100-%D7%A2%D7%9E%D7%95%D7%AA%D7%AA-%D7%A8%D7%A2%D7%95%D7%AA/
טכנאי מחשבים,המכללה האקדמית צפת,"תיאור משרה • מענה טלפוני ופתרון בעיות מרחוק • תחזוקה שוטפת ותיקון מחשבים אישיים. • התקנה ותחזוקת ציוד תקשורת, טלפוניה, מצלמות, מולטימדיה, ובקרת כניסה (חומרה/תוכנה). • תחזוקה ותיקון ציוד ועזרי מחשוב. • התקנה והטמעת פתרונות תוכנה מסוגים שונים והדרכת משתמשים על שימוש בהן. • הדרכה והטמעה של מערכות מחשוב למשתמשי קצה. • איתור וטיפול בתקלות תוכנה וחומרה.","דרישות התפקיד • השכלה: טכנאי PC מוסמך ו / או מנהל רשתות תקשורת מוסמך Microsoft MCSA / MTA. • ניסיון של שנתיים לפחות בתפקיד דומה. • יכולת גבוהה של למידה עצמית. • יכולת ביטוי ותקשורת בינאישית גבוהה. • תודעת שירות והקפדה על אתיקה בעבודה. • ניסיון בכלי הניהול של Cisco – יתרון. • ידע וניסיון במערכות טלפוניית IP ובמערכות מצלמות אבטחה-יתרון. • ניסיון במערכת Active Directoty . • שליטה מלאה במערכות הפעלה בדגש על סביבת מיקורסופט וכלי OFFICE, מכל הסוגים. • ידע וניסיון בתחום רשתות תקשורת מחשבים. • יכולת עבודה עצמאית ועבודה בצוות, יחסי אנוש מעולים. • יכולת עבודה על מספר משימות במקביל ועבודה בתנאי לחץ. • נכונות לעבודה בשעות נוספות במידת הצורך. • שפות – עברית ברמת שפת אם. אנגלית – רמה טובה מאוד.",הייטק-כללי & טכנאי/ת מחשבים,https://www.drushim.co.il/%D7%93%D7%A8%D7%95%D7%A9%D7%99%D7%9D-2585181-%D7%94%D7%9E%D7%9B%D7%9C%D7%9C%D7%94-%D7%94%D7%90%D7%A7%D7%93%D7%9E%D7%99%D7%AA-%D7%A6%D7%A4%D7%AA/
איש אחזקה לקהילה תומכת למתמודדי נפש בפתח תקווה,א.ג שיקום בית לחיים,"תיאור משרה ם את/אתה מחפש/ת עבודה עם משמעות, עם צוות חם, תומך ומשפחתי - אז גם אנחנו מחפשים אותך! אנו מחפשים להוסטל נפגעי נפש בפתח תקווה, איש אחזקה 5 ימים בשבוע ל-30 שעות שבועיות, ראשון עד חמישי שעות 08:00 עד 14:00 תנאים סוציאליים טובים.","דרישות התפקיד יש צוות ""הנדימן"" ,ניסיון בתחזוקת בית תיקונים, מקצועיות, יצירתיות ופתרונות בתקלות . רגישות, סבלנות, יחסי אנוש מצוינים - חובה. התפקיד הינו דינמי מגוון ומאתגר ושם דגש על למידה מקצועית ועשייה חברתית משמעותית. רגישות, סבלנות, יחסי אנוש מצוינים - חובה.",בעלי מקצוע & אחזקה,https://www.drushim.co.il/%D7%93%D7%A8%D7%95%D7%A9%D7%99%D7%9D-1056460-%D7%90%D7%92-%D7%A9%D7%99%D7%A7%D7%95%D7%9D-%D7%91%D7%99%D7%AA-%D7%9C%D7%97%D7%99%D7%99%D7%9D/
למכבי שירותי בריאות מחוז דרום דרוש/ה רכז/ת אחזקה,מכבי שירותי בריאות מחוז דרום,תיאור משרה למכבי שירותי בריאות מחוז דרום דרוש/ה רכז/ת אחזקה • ביצוע שוטף של תחזוקה במרכזים הרפואיים • ביצוע פעולות מנע תקופתיות יזומות באחזקה • איתור תקלות ומניעתן בזמן אמת . •פתרון מידי לתקלות להבטחת התפעול השוטף של המרכזים הרפואיים . • מתן מענה לבעיות תחזוקה שוטפת באופן עצמאי או בעזרת ספקי משנה מורשים,"דרישות התפקיד •תעודה מקצועית רלוונטית •ניסיון מקצועי של 2-4 שנים •גמישות לעבודה לא מתוכננת "" הקפצות"". •תודעת שירות גבוהה •העבודה בהיקף של 100% משרה במחוז הדרום",בעלי מקצוע & אחזקה,https://www.drushim.co.il/%D7%93%D7%A8%D7%95%D7%A9%D7%99%D7%9D-3378203-%D7%9E%D7%9B%D7%91%D7%99-%D7%A9%D7%99%D7%A8%D7%95%D7%AA%D7%99-%D7%91%D7%A8%D7%99%D7%90%D7%95%D7%AA-%D7%9E%D7%97%D7%95%D7%96-%D7%93%D7%A8%D7%95%D7%9D/
עובד/ת תחזוקה הפקולטה למשפטים,אוניברסיטת תל אביב,"תיאור משרה עובד/ת תחזוקה הפקולטה למשפטים. היקף ומעמד: 100% משרה תקנית מתח דרגות : 6 - 9 בדירוג המנהלי. התפקיד כולל - - איתור תקלות ותיקונן. - טיפול במפגעים ובבעיות בתחום הבטיחות והניקיון. - ארגון כיתות לימוד והאולמות, לרבות הציוד הנדרש. - סיוע בפיקוח על ניקיון הבניין בכללותו . - ביצוע שליחויות בקמפוס. - סיוע בארגון טקסים ו אירועים. - מתן שירות לסגל האקדמי, המנהלי, ספריית משפטים ולציבור הסטודנטים. - דיווח על תקלות באמצעות המערכת הממוחשבת. - חלוקת ציוד, כולל פינוי, שינוע וסחיבה של משאות כבדים. - ביצוע מטלות נוספות בהתאם לצורך וע""פ הנחיית הממונים.","- השכלה תיכונית / מקצועית מלאה, לפחות. - ידע טכני וניסיון בעבודה בתחום האחזקה. - יכולת איתור תקלות וביצוע תיקונים. - כושר גופני טוב. - רישיון נהיגה. - ידע בעבודה עם מערכות ממוחשבות . - ידע ויכולת תפעול מכשירים ומערכות מולטימדיה. - ידיעה טובה של השפה העברית ויכולת תקשורת בשפה האנגלית. - יכולת עבודה עצמאית והשתלבות בצוות. - יכולת עבודה בעומס ובלחץ. - יוזמה, תודעת שירות גבוהה ויחסי אנוש מעולים. - הערה : התפקיד כרוך בעבודה במשמרות. - ביצוע תורנויות בימי שישי, ערבי חג וחול המועד, בהתאם לצורך . - נדרשת נכונות לביצוע שעות נוספות בהתאם לצורך. - כפיפות: למנהל הבית. - הגשת מועמדות : המשרה מיועדת לכל עובדי אוניברסיטת תל אביב ולמועמדים חיצוניים, גברים ונשים כאחד. במסגרת מדיניות האוניברסיטה לעידוד גיוון תעסוקתי, ניתנת עדיפות למועמדים העונים על דרישות התפקיד ומשתייכים לאוכלוסיות אלו: חברה ערבית, חרדים, יוצאי העדה האתיופית ומועמדים עם מוגבלות. - מועד אחרון להגשת מועמדות – 14.06.2024",בעלי מקצוע & אחזקה & חשמלאי & מתקינים,https://www.drushim.co.il/%D7%93%D7%A8%D7%95%D7%A9%D7%99%D7%9D-3584372-%D7%90%D7%95%D7%A0%D7%99%D7%91%D7%A8%D7%A1%D7%99%D7%98%D7%AA-%D7%AA%D7%9C-%D7%90%D7%91%D7%99%D7%91/
דרושים מכונאים עם/ללא ניסיון למרכז שירות KIA,א.ב שחק מוסכים KIA,"תיאור משרה למרכז שירות KIA הממוקם בפתח תקווה, דרושים מכונאים העבודה במשרה מלאה תנאים טובים למתאימים לפרטים נוספים 054-244-2267",דרישות התפקיד בעלי תעודת מכונאים-יתרון בעל רקע טכני,רכב / תחבורה & דיאגנוסטיקה & מכונאי/ת רכב,https://www.drushim.co.il/job/30447959/b05847ed/
דרושים מכונאים עם/ללא ניסיון למרכז שירות KIA,א.ב שחק מוסכים KIA,"תיאור משרה למרכז שירות KIA הממוקם בפתח תקווה, דרושים מכונאים העבודה במשרה מלאה תנאים טובים למתאימים לפרטים נוספים 054-244-2267",דרישות התפקיד בעלי תעודת מכונאים-יתרון בעל רקע טכני,רכב / תחבורה & דיאגנוסטיקה & מכונאי/ת רכב,https://www.drushim.co.il/job/30447959/b05847ed/
טכנא/ית שרות למתקני חניה מעליות ומעלונים,"סדן י.ט.ש בע""מ","תיאור משרה שירות למתקני חניה, מעליות ומעלונים, עבודה מעניינת ומאתגרת, מרכז הפעילות בחולון, העבודה בכל הארץ, העבודה בעיקר באזור תל אביב, הצטרפות לצוות שירות, משרה מלאה, רוב העבודה הינה באתר הלקוח ומחוץ למפעל, העבודה לטווח ארוך. עבודה מועדפת.","דרישות התפקיד עובד חרוץ, ראש גדול, רקע טכני, ניסיון בשירות / התקנות מכאניות, אמינות, נכונות לתורנות בשירות, רישיון נהיגה. הכשרת העובד תתבצע תוך כדי העבודה.",בעלי מקצוע & חשמלאי & מתקינים & טכנאי/ת מעליות & הנדסה & הנדסאי/ת אלקטרוניקה & הנדסאי/ת חשמל & הנדסאי/ת מכונות,https://www.drushim.co.il/%D7%93%D7%A8%D7%95%D7%A9%D7%99%D7%9D-1028150-%D7%A1%D7%93%D7%9F-%D7%99%D7%98%D7%A9/
מנהל/ת פרויקט למחלקת הגז הטבעי,WSP,"תיאור משרה • ניהול ישיר של צוות מהנדסי גז טבעי האחראי על בקרת תכנון, פיקוח ורגולציה מטעם רשות הגז הטבעי • עבודה מול הרשות, השתתפות בסיורים, ישיבות • פיקוח ובקרה על ההקמה של פרויקטי הגז הטבעי בישראל • הכנת דוחות הנדסיים • פיתוח עסקי , פגישות עם לקוחות פוטנציאלים והרחבת תחום הפעילות בארגון",דרישות התפקיד • תואר מהנדס/ת ממוסדר מוכר – מהנדס/ת מכונות - יתרון • מינימום 10 שנות ניסיון בתחום הגז הטבעי • ניסיון ניהולי מוכח של מינימום 3 שנים • אוריינטציה שיווקית ויחסי אנוש מעולים • אנגלית ברמה גבוהה – קריאה כתיבה ודיבור,הנדסה & מהנדס/ת מכונות & מהנדס/ת בניין & מהנדס/ת אזרחי/ת,https://www.drushim.co.il/%D7%93%D7%A8%D7%95%D7%A9%D7%99%D7%9D-739768-pb/
לוקח/ת דם להרצליה,מכבי שירותי בריאות,"תיאור משרה מכבי שירותי בריאות מגייסת לוקח/ת דם ורידי - לקיחת דם מחברי הקופה בדגש על מקצועיות, יעילות, שירותיות ורגישות. על המשרה • לקיחת דגימות מנבדקים, הכנת הדגימות לביצוע הבדיקות ושליחתן למעבדה הארצית להמשך ביצוע. • טיפול בפן האדמיניסטרטיבי של תיעוד הבדיקות ובהקלדת תוצאות בדיקות המגיעות ממעבדות בתי חולים. • הפעלת שיקול דעת ביחס לתוצאות חריגות. • שעות פעילות: ימים א-ה. • היקף המשרה– 50%, 7:00-11:00 • כתובת הסניף- הנדיב 3, הרצליה","דרישות התפקיד • רישיון שאיבת דם מטעם משרד הבריאות – חובה. • יכולת לעבוד בסביבה ממוחשבת – חובה. • שליטה בשפה העברית – חובה. • אנגלית ברמה בסיסית – חובה. • על פי הוראת משרד הבריאות, נדרש לבצע בדיקה במרפאה תעסוקתית והשלמת חיסונים, בהתאם לתכנית החיסונים של עובדי מערכת הבריאות.","רפואה / בריאות & כוח עזר & סיעוד & חובש/ת / מע""ר/ית",https://www.drushim.co.il/%D7%93%D7%A8%D7%95%D7%A9%D7%99%D7%9D-2644594-%D7%9E%D7%9B%D7%91%D7%99-%D7%A9%D7%99%D7%A8%D7%95%D7%AA%D7%99-%D7%91%D7%A8%D7%99%D7%90%D7%95%D7%AA/
למפעל מזון במגדל העמק דרוש/ה מנהל/ת צוות אחזקה,"טחנת האבן קואופ בע""מ","תיאור משרה - אחריות וניהול מערך האחזקה של טחנת האבן תעשיות - בניית תוכנית יומית ושנתית לכלל מערך האחזקה בכלל מפעלי הקבוצה - פתרון תקלות - יישום ותכנון אחזקת מנע, שדרוג וטיוב תוכנית האחזקה למתן פתרונות ארוכי טווח לשיפור מתמיד - עבודה מול מחלקת רכש והתנהלות מול טכנאים וספקים חיצוניים - ניסיון במכונות אריזה ומסועים",דרישות התפקיד תואר בהנדסת מכונות/הנדסאי מכונות – חובה! ניסיון בתחום תעשיות המזון – יתרון! אחראי\ת חרוץ /ה יסודיות עבודה לטווח הרחוק אנגלית ברמה גבוהה,בעלי מקצוע & מנהל/ת אחזקה,https://www.drushim.co.il/%D7%93%D7%A8%D7%95%D7%A9%D7%99%D7%9D-3363630-%D7%98%D7%97%D7%A0%D7%AA-%D7%94%D7%90%D7%91%D7%9F-%D7%A7%D7%95%D7%90%D7%95%D7%A4/
דרוש/ה  עובד/ת אחזקה לקניון עיר ימים,קבוצת שיכון ובינוי,"תיאור משרה דרוש/ה  עובד/ת אחזקה לקניון עיר ימים מיקום המשרה - נתניה התפקיד כולל עבודה במשמרות, כולל שישי ומוצ""ש. עבודה בצוות אחזקה של הקניון.  נדרשת זמינות לעיתים בשעות לא שגרתיות לצורך טיפול ומענה לקריאות שירות.","דרישות התפקיד ניסיון מוכח בתפקיד דומה כאיש אחזקה- יתרון ניסיון בעבודה עם מערכות מיזוג אוויר, חשמל ומערכות של קנינונים- יתרון תכונות וכישורים הכרחיים : יכולת והבנה טכנית,  שירותיות,  אחריות, יכולת לבצע מספר משימות במקביל.",בעלי מקצוע & חשמלאי & כללי & משרות כלליות,https://www.drushim.co.il/%D7%93%D7%A8%D7%95%D7%A9%D7%99%D7%9D-2786885-%D7%A9%D7%99%D7%9B%D7%95%D7%9F-%D7%95%D7%91%D7%99%D7%A0%D7%95%D7%99/
איש/ת אחזקה,חברה לשיווק מזון,"תיאור משרה למפעל צ'אם 2000 בא.ת מירון, מפעל לייצור ביצים מפוסטרות לתעשיית מזון בארץ דרוש/ה איש/ת אחזקה התפקיד כולל: - מתן מענה לטיפול במחלקות הייצור - ביצוע פעולות אחזקה שוטפות ומונעות - עבודה בצוות האחזקה הסעות: מצפת וכרמיאל תנאים טובים למתאימים/ות: עובד/ת ארגון מהיום הראשון, שכר הולם, התפתחות מקצועית, הסעות, ארוחות, ביגוד, תנאים סוציאליים מלאים, רווחה ועוד. עבודה מיידית ולטווח הארוך",דרישות התפקיד - ניסיון באחזקת מפעלים- חובה - ניסיון בתחזוקה של מכונות מילוי/אריזה/ייצור- יתרון - ניסיון במסגרות/ריתוך- יתרון - משמעת עצמית גבוה ויכולת השתלבות בצוות. שעות עבודה: א-ה מ 7:00-16:00 משמרות לפי הצורך,בעלי מקצוע & אחזקה & רתכים / מסגרים,https://www.drushim.co.il/%D7%93%D7%A8%D7%95%D7%A9%D7%99%D7%9D-1504176-%D7%9E%D7%96%D7%95%D7%9F/
איש אחזקה למפעל - שכר גבוה ותנאים מעולים!,"hr-manpower ב""ש","תיאור משרה איש אחזקה למפעל מוביל בשדרות! תנאים ושכר מעולים! החזרי דלק! עבודה במשמרת בוקר בלבד! טיפול בתקלות שבר/החלפת גירים ומיסבים, תחזוקה מונעת,טיפול בכל סוגי התקלות במבנה",דרישות התפקיד ניסיון בתעשיה לפחות 3 שנים-חובה! ניידות-חובה! נכונות לכוננויות ערב ולילה ידע בפנאומטיקה-יתרון,תעשיה / ייצור & מכונאי/ת & טכנאי/ת - תעשייה וייצור & תחזוקה,https://www.drushim.co.il/%D7%93%D7%A8%D7%95%D7%A9%D7%99%D7%9D-3373662-hr-manpower-%D7%91%D7%A9/
טכנאי PC לארגון פיננסי בהרצליה,בינת סמך,"תיאור משרה לארגון פיננסי בהרצליה דרוש/ה טכנאי PC  במסגרת התפקיד: התקנות ציוד, טיפול בתקלות תוכנה וחומרה, תמיכת משתמשים וכו'",דרישות התפקיד ניסיון של *עד* שנתיים בתור טכנאי PC!,הייטק-כללי & טכנאי/ת מחשבים,https://www.drushim.co.il/%D7%93%D7%A8%D7%95%D7%A9%D7%99%D7%9D-2444923-%D7%91%D7%99%D7%A0%D7%AA-%D7%A1%D7%9E%D7%9A/
דרוש איש אחזקה עם ניסיון במפעלים בפרדס חנה 14-18K,חסוי,"תיאור משרה לחברה ענקית באזור פרדס חנה דרוש איש אחזקה תעשייתי !  מפעל ענקי שמורכב בכמה מפעלים שכל אחד מייצר; חומר מסויים בלוקים/משתלבות/חומרי בניין שונים  תיאור : דרוש איש אחזקת מכונות עדיפות לבעל תעודה אבל לא חובה בכלל !! עם ניסיון בהידראוליקה ופנאומטיקה תפקיד של איש אחזקת של מכונות תעשיתיות *טיפולים מונעים *החלפת חלקים ורכיבים *טיפול בכל מערכות המפעל *לא תפקיד לאחזקה מבנית !!!! תעשייתית בלבד    שעות עבודה  שבוע בוקר א-ה 06:00-18:00 כולל שישי עד 14:00  שבוע לילה א-ה 18:00-06:00 לא כולל שישי   שכר  שכר-50-55 ₪ תלוי ניסיון + קרן התשתלמות + ארוחות והסעות מאזורים מסוימים או תשלום דלק !   הסעות :נשר קריות,חדרה,אור אקיבע, פרדס חנה,וודי ערה,כפר קרע פורדייס, גסר אל זרקא  יש אפשרות הגעה עצמית בתשלום דלק לפי קילומטר 1.3 קילומטר 1 שח אחד",דרישות התפקיד דרישות חובה ניסיון בתור איש אחזקה במפעל תעשייתחי יכולת עבודה במשמרות של 12 שעות רצינות אחריות יכולת הגעה עצמית במידה ולא באזורי הסעות תעודת של מכונאי אחזקה ( יתרון *,תעשיה / ייצור & טכנאי/ת - תעשייה וייצור & תחזוקה & רתכים / מסגרים,https://www.drushim.co.il/job/30565436/1a731206/
"עובד/ת טכני לחברה להפקות דפוס , תנאים טובים!",חי בזק,"תיאור משרה למכון הפקות דפוס ,עובד/ת לתפעול מכונות דפוס דיגיטליות וחיתוך מתקדמות. היקף משרה: מלאה, ימים: א'- ה' תנאים טובים!",דרישות התפקיד ידע והפעלת תוכנות מחשב. ראש פתוח ונכונות ללמידת תחומים חדשים.,כללי & משרות כלליות & חייל/ת משוחרר/ת & תעשיה / ייצור & עובד/ת דפוס & מפעיל/ת מכונות & עובד/ת ייצור,https://www.drushim.co.il/%D7%93%D7%A8%D7%95%D7%A9%D7%99%D7%9D-303395-%D7%97%D7%99-%D7%91%D7%96%D7%A7/
Automation Engineer,inManage,"תיאור משרה inManage, a software development company, specializing in sophisticated e-commerce solutions, is looking for a motivated, talented and skillful Automation Engineer to join our growing team. Among our customers are huge brands such as Domino's Pizza, McDonald's, Azrieli, Aroma Israel, Shlomo Group, Meshulam, Htzone, NewDeli and more.  This is a great opportunity to show your talent, work with amazing people, advanced technologies and big customers.  Plan and write elaborated test plan documents. Design and implement automated tests using Python Work closely with various stakeholders (Project Managers, developers, etc) to understand requirements and priorities.",דרישות התפקיד B.A in Computer Science - must knowledge of Python or PHP - An advantage Experience in QA software testing or QA automation tools - An advantage Strong bug detection abilities and good analysis to root cause detection.,הייטק-QA & בדיקות אוטומטיות & מפתח/ת כלי בדיקות,https://www.drushim.co.il/%D7%93%D7%A8%D7%95%D7%A9%D7%99%D7%9D-2800-inmanage/
דרוש/ה מתקין/ת כספות לחברת ברינקס ישראל,ברינקס ישראל,"תיאור משרה התקנה של כספות ומערכות בבתי עסק, הפעלת כספות ותמיכה בלקוחות החברה. עבודה שוטפת מול מחלקות הבינוי והביטחון של הלקוחות, תיאום נתונים מידות משקלים. התנהלות מול מנה למרלו""ג וכן מול גורמים פנים ארגוניים ומול לקוחות החברה. העבודה מצריכה נסיעות מרובות לאזור מודיעין ירושלים. משרה מלאה א'-ה'. ימי שישי לפי צורך.",דרישות התפקיד ניסיון קודם מתקין או טכנאי שטח- חובה נכונות לעבודת שטח פיזית הכוללת הרמת משקלים- חובה שליטה מצוינת במחשבים ובתוכנות- חובה רישיון נהיגה -חובה נכונות לעבודה בכל הארץ לפי התקנות.,בעלי מקצוע & מתקינים & רתכים / מסגרים,https://www.drushim.co.il/%D7%93%D7%A8%D7%95%D7%A9%D7%99%D7%9D-19338-%D7%91%D7%A8%D7%99%D7%A0%D7%A7%D7%A1-%D7%99%D7%A9%D7%A8%D7%90%D7%9C/
דרוש/ה אב בית ואחראי/ית אחזקה,- חסוי -,"תיאור משרה לרשת בתי ספר דרוש/ה אב בית ואחראי אחזקה זמינות מיידית משרה מלאה עבודה 5 ימים בשבוע , עבודה בשטח ובמוסדות השונים אפשרות לשעות נוספות לפי צורך","דרישות התפקיד ידע: צבע, אינסטלציה, פרזול חרוץ, בעל יחסי אנוש טובים עם קולגות לעבודה זמינות מיידית, אחראיות לעניין רכש אחזקה עבודה מול מנהלי מוסדות וספקים העובד נדרש לבצע עבודות בשטח ובנוסף גם לפקח על עבודות נוספות.",בעלי מקצוע & אחזקה & מנהל/ת אחזקה & אינסטלציה,https://www.drushim.co.il/job/30463786/2694a2a9/
לתיכון האתגרי ברנקו וייס רחובות דרוש.ה אב/אם בית,ברנקו וייס,"תיאור משרה שמירה על תחזוקה נאותה של מרחב בית הספר ובהתאם להנחיות ומדיניות מנהל בית הספר. אחריות על תחזוקת תשתיות בית הספר אחריות על אספקה והתקנת ציוד בבית הספר מתן מענה לפניות בנושא ציוד, ניקיון, תחזוקה, תשתיות, ליקויים ותקלות בטיחותיות בתחום אחריות בית הספר.",דרישות התפקיד ניסיון בעבודות תחזוקה- יתרון יכולת עבודה בצוות ויחסי אנוש מעולים,בעלי מקצוע & אחזקה & אחר,https://www.drushim.co.il/%D7%93%D7%A8%D7%95%D7%A9%D7%99%D7%9D-4012043-%D7%91%D7%A8%D7%A0%D7%A7%D7%95%D7%95%D7%99%D7%99%D7%A1/
מכונאי רכב,מרכז שרות מורשה יבואן,תיאור משרה למרכז מורשה יבואן דרושים מכונאי למשרה מלאה ימי ו לסירוגין תנאים טובים למתאימים ניתן לפנות לפרטים נוספים :03-735-3032,דרישות התפקיד ניסיון קודם -חובה,רכב / תחבורה & מכונאי/ת רכב & נהג/ת ג' & רכב כללי,https://www.drushim.co.il/%D7%93%D7%A8%D7%95%D7%A9%D7%99%D7%9D-28081-%D7%9E%D7%A8%D7%9B%D7%96-%D7%A9%D7%A8%D7%95%D7%AA-%D7%99%D7%95%D7%A0%D7%93%D7%90%D7%99-%D7%AA/
טכנאי מערכות קירור תעשייתי - משרת שטח,nik systems,תיאור משרה לחברה בתחום מערכות קירור על בסיס קירור CO2 עבודה בקירור תעשייתי ומסחרי עבודה בימים א-ה + שעות נוספות + רכב עבודה בצוות בכל הארץ תנאים ושכר טובים למתאימים,דרישות התפקיד חוש טכני וידע בסיסי במערכות קירור - יתרון משמעותי ידע וניסיון בתחום CO2 - יתרון (הדרכה תינתן למתאימים) רישיון רכב - חובה רישיון חשמלאי - יתרון,בעלי מקצוע & טכנאי/ת & טכנאי/ת מיזוג אוויר & חשמלאי,https://www.drushim.co.il/%D7%93%D7%A8%D7%95%D7%A9%D7%99%D7%9D-2306660-nik-systems/
מתקין/ה בשטח - ממוצע שכר 18-25k,רותם תקשורת,תיאור משרה מעוניין להשתלב בחברה גדולה? לרכוש ידע וניסיון בעולם התקשורת ?! הכשרה תינתן למתאימים על חשבון החברה. היקף משרה מלאה בימים א׳-ה׳ (שישי לסירוגין) שעות עבודה 08:00-17:00 (יתכנו שעות נוספות) עבודה מותאמת לפי איזור מגורים. מתאים גם לפרילנסרים/ שכירים. התפקיד כולל: • התקנות בבית לקוח פרטיים / עסקיים • עבודה עם מערכות תקשורת מהמתקדמות בתעשייה (סיבים אופטיים) • איתור תקלות ומתן מענה לתקלות השוטפות.,דרישות התפקיד רכב פרטי לניידות- חובה. נכונות לגמישות בשעות- חובה. בעל/ת חוש טכני השכלה וניסיון טכני בתחום התקשורת- יתרון ניסיון של שנה בתפקיד דומה- יתרון.,כללי & משרות כלליות & חייל/ת משוחרר/ת & מאבטח/ת,https://www.drushim.co.il/%D7%93%D7%A8%D7%95%D7%A9%D7%99%D7%9D-3392263-%D7%A8%D7%95%D7%AA%D7%9D-%D7%AA%D7%A7%D7%A9%D7%95%D7%A8%D7%AA/
טכנאי / מכונאי - קורקינטים חשמליים,CityRunner,"תיאור משרה למותג קורקינטים חשמליים בתל אביב דרושים /ות טכנאים/יות להשתלב במחלקת שירות התיקונים של החברה. העבודה במשרה מלאה ויכולה להתאים גם למשמרות. שכר מעולה למתאימים /ות. העבודה הינה עבודה בצוות וסביבת עבודה צעירה וכיפית.  איך ייראה היום שלך?! - תיקון והשבחת קורקינטים חשמליים, ביצוע טיפולים ואחזקה שוטפת לכלים - אבחון תקלות ובדיקות מכניות - סיוע בפתרון תקלות - עבודת צוות באווירה משפחתית! משרה מלאה בימים א-ה בין השעות 10:00-19:00 בתל אביב","דרישות התפקיד ידיים טובות ורצון ללמוד, ואנחנו נדאג לכל השאר * ניסיון בעבודת טכנאות של קורקינטים חשמליים - יתרון. * ניסיון בעבודת טכנאות כללית/אופנועים/מטוסים/רכבים - יתרון.",תעשיה / ייצור & טכנאי/ת - תעשייה וייצור & מרכיב/ה מכאני/ת & מכונאי/ת,https://www.drushim.co.il/%D7%93%D7%A8%D7%95%D7%A9%D7%99%D7%9D-3960097-cityrunner/
מנהל/ת מדור תחזוקת מבנים עירוניים,עיריית הרצליה,"תיאור משרה מכרז פנים/חוץ מס' 50/2024  בהתאם לסעיף 3 לתקנות העיריות (מכרזים לקבלת עובדים), תש""ם – 1979, מכריזה בזאת עיריית הרצליה על משרה פנויה כדלקמן:   דרוש/ה: מנהל/ת מדור תחזוקת מבנים עירוניים  מינהל התפעול, אגף תב""ל (תחזוקה, בטיחות ולוגיסטיקה) – מחלקת תחזוקה ובינוי  כפיפות: מנהל מחלקת תחזוקה ובינוי  היקף משרה: 100%, שעת תחילת עבודה 07:30  מתח דרגות: 38-40 בדירוג הנדסאים/טכנאים או בדרוג מקביל (בהתאם להשכלת המועמד/ת)  תיאור התפקיד: • ניהול תחזוקת מוסדות עירוניים • ניהול פרויקטי בינוי ושיפוצים שונים • עבודה רציפה ויום יומית מול מרכז השליטה • פיקוח ובקרה על עבודת קבלני החוץ • עבודה אשר ברובה עבודת שטח לצד עבודה משרדית (70% שטח, 30% משרדית) • טיפול בכל פרויקט אחר בהתאם להנחיית הממונה הישיר • סיוע במשימות מחלקתיות ואגפיות בהתאם לדרישת הממונה הישיר • עבודה בכפוף לחוקים, תקנות וחוקי העזר של הרשות ובהתאם להנחיות וסמכות הגופים הרגולטורים בתחום • עבודה בשעות וימים לא שגרתיים בהתאם לצורך, גמישות לשעות נוספות","דרישות התפקיד תנאי סף: • תעודת הנדסאי אזרחי/ בניין לפחות (רשום בפנקס ההנדסאים/טכנאים) • המועמד שיתקבל יידרש להציג אישור על היעדר הרשעה בעבירת מין, בהתאם לחוק למניעת העסקה של עברייני מין במוסדות מסוימים, תשס""א – 2001 (קבלת הטפסים הרלוונטיים - מאגף משאבי אנוש בעירייה)  כישורים ודרישות נוספות: • ניסיון של שנתיים בניהול/פיקוח על פרויקטי בינוי – יתרון • ניסיון בעבודה עם מערכת לניהול פרויקטים כגון MS-PROJECT - יתרון • ידע בתוכנת ""אוטוקד"" – יתרון • שליטה בתוכנות OFFICE • יכולת ארגון, תיאום, פיקוח ובקרה • קפדנות ודייקנות בביצוע • יכולת עבודה באופן עצמאי • סמכותיות, אסרטיביות, יחסי אנוש טובים • יכולת עבודה בסביבת עבודה לחוצה ומרובת משימות • שליטה בשפה העברית, כושר ביטוי גבוה בכתב ובע""פ • יכולת ונכונות לעבודה בשעות וימים לא שגרתיים בהתאם לצורך, גמישות לשעות נוספות  יש להעביר קורות חיים בצירוף אסמכתאות להוכחת עמידה בתנאי הסף (תעודות השכלה, אישורי העסקה ומסמכים נוספים ככל ונדרש) לאגף משאבי אנוש, רח' בן גוריון 22 הרצליה, במייל¹ michrazim@herzliya.muni.il עד ליום 19/06/2024.  ¹בהגשת מועמדות/מסמכים באמצעות המייל - במידה ולא התקבל אישור אוטומטי על קבלת הפניה, יש לדאוג ולהגיש מועמדות/מסמכים בדרכים חלופיות ( בפקס/ הגשה ידנית/ באמצעות חשבון email אחר). - הצעות שאינן עונות על דרישות המכרז או הצעות שלהן לא יצורפו תעודות ומסמכים נדרשים לא תיענינה. - תינתן עדיפות למועמד המשתייך לאוכלוסייה הזכאית לייצוג הולם אשר אינה מיוצגת כנדרש בקרב עובדי הרשות המקומית, אם המועמד הינו בעל כישורים דומים לכישוריהם של מועמדים אחרים. - תינתן עדיפות למועמד עם צרכים מיוחדים, וזאת בהתאם לכשירותו לביצוע העבודה הנדרשת.  - מועמד עם מוגבלות זכאי לקבל התאמות הנדרשות לו מחמת מוגבלותו בהליכי הקבלה לעבודה. - מועמד שהנו קרוב משפחה של עובד עירייה אחר או נבחר ציבור נדרש להצהיר על כך וקליטתו לעבודה מותנית באישור ועדה עירונית או ועדת השירות במשרד הפנים. - על המועמד לפרט בדבר נושאים העלולים להעמידו בניגוד עניינים - בכל מקום בו נכתב בלשון זכר, הכוונה גם ללשון נקבה ולהיפך.",הנדסה & הנדסאי/ת בניין,https://www.drushim.co.il/%D7%93%D7%A8%D7%95%D7%A9%D7%99%D7%9D-21912-%D7%A2%D7%99%D7%A8%D7%99%D7%99%D7%AA-%D7%94%D7%A8%D7%A6%D7%9C%D7%99%D7%94/
דרוש עובד יצור לחברת תאורה מובילה - תנאים טובים!,"קמחי תאורה בע""מ","תיאור משרה לחברת קמחי תאורה בע""מ דרוש עובד לחדר מסור לחיתוך פרופילי אלומניום. עבודה לפי סקיצות ושרטוטים ימים א'-ה' בין השעות 7:30-16:30 שעות נוספות לפי הצורך מיקום המשרה: איזור התעשיה הצפוני, לוד. חניה פרטית במקום תנאים מעולים למתאימים, אווירה משפחתית וחמה! המשרה רצינית ולטווח ארוך בלבד","דרישות התפקיד רקע וניסיון בעולמות הייצור, חיתוך, נגרות ואלומיניום - יתרון עבודה עם תאורה/חשמל - יתרון יכולת עבודה בצוות יכולת עבודה תחת לחץ משרה זו פונה לנשים וגברים כאחד.",כללי & חייל/ת משוחרר/ת & משרות כלליות & תעשיה / ייצור & עובד/ת ייצור & רתכים / מסגרים & פועל/ת,https://www.drushim.co.il/%D7%93%D7%A8%D7%95%D7%A9%D7%99%D7%9D-2617234-%D7%A7%D7%9E%D7%97%D7%99-%D7%AA%D7%90%D7%95%D7%A8%D7%94/
"עובד/ת כללי/ת ואחזקה לחברת פז גז במרכז ראשל""צ",און גרד,תיאור משרה דרוש עובד כללי/אחזקה לחברת פז גז במרכז ראשון לציון .(רחוב שמוטקין 37). *המשרה פונה לנשים וגברים כאחד.,"דרישות התפקיד רישיון מלגזה בתוקף - ייתרון יידע כללי בעבודת מחשב ידע טכני - ייתרון המשרה כרוכה בעבודה מאומצת ללא עבר פלילי 6 ימים בשבוע ימי ו לסירוגין (חורף קיץ ) שעות עבודה משעה 07:00 עד 16:00 ימי שישי נחשבים כשעות נוספות. שכר חודשי 8500 ש""ח. נסיעות ישולמו כחוק. למתמידים קיימת האופציה להיות עובד קבוע מן המניין - לאחר תקופה של חברת פז גז. יכולת הגעה עצמאית למתקן.",לוגיסטיקה / שילוח & מלגזן/ית & מחסנאי/ת & לוגיסטיקה כללי,https://www.drushim.co.il/%D7%93%D7%A8%D7%95%D7%A9%D7%99%D7%9D-66047-%D7%90%D7%95%D7%9F-%D7%92%D7%A8%D7%93/
עובד/ת כללי למעבדה לעירבוב ושקילת צבעים,"ראש העין |
ללא נסיון |
משרה מלאה ועוד
|
לפני 18 שעות","תיאור משרה לחברה בתעשיית העץ דרוש/ה עובד/ת כללי למעבדה לערבוב ושקילה של צבעים לפי נוסחאות. משרה מלאה 5 ימים בשבוע, במעבדה בראש העין שעות עבודה מ8:00 עד 17:00. תנאים מעולים למתאימים/ות",דרישות התפקיד * ניסיון בתחום - יתרון * יציבות * יסודיות * רצינות * דייקנות ואחריות * ראש גדול * עבודה תחת לחץ,כללי & משרות כלליות & חייל/ת משוחרר/ת & תעשיה / ייצור & עובד/ת ייצור & איש/ת מכשור ובקרה & בקרת איכות,https://www.drushim.co.il/job/30551433/a5eba70e/
עובד/ת לפנצ'ריה / מוסך,- חסוי -,תיאור משרה דרוש/ה עובד/ת לעבודה בפנצ'ריה /מוסך עבודה במשרה מלאה משרה בפריסה ארצית זמינות לעבודה מיידית,דרישות התפקיד * רישיון נהיגה * אחריות * רקע טכני * חריצות * עדיפות לבעלי ניסיון בתחום,רכב / תחבורה & רכב כללי & מנהל/ת מוסך,https://www.drushim.co.il/job/30576817/6cc3f2c8/
"נציגי/ות שירות טכני לחיפה- 3,000 ש""ח מענק!",סלקום,"תיאור משרה אנחנו מגייסים את המומחים הבאים של עולם האינטרנט. הצטרפו אלינו לתפקיד המאפשר התפתחות בעולם התקשורת והמחשוב. בעלי/ות אוריינטציה טכנית? אנחנו מחפשים אתכם! הכשרה מקצועית עלינו! עבודה במשמרות גמישות. קו סלולר ושירותי סלקום TV בעלויות מסובסדות, אירועי חברה, מתנות, טיסות לחו""ל, חדר כושר, חדר אוכל ועוד. מתאים גם לחיילים/ות משוחררים/ות, סטודנטים/ות, משרת הורה. מענק של 3,000 לאחר חצי שנה! נשמע מתאים? נשמח להכיר!","דרישות התפקיד אוריינטציה טכנית. תודעת שרות גבוהה. עבודה במשמרות. מוקד 24/7, כולל סופ""ש וחגים. סלקום מעודדת ותומכת בהעסקת עובדים עם מוגבלויות.",כללי & חייל/ת משוחרר/ת & משרות כלליות & סטודנט/ית,https://www.drushim.co.il/%D7%93%D7%A8%D7%95%D7%A9%D7%99%D7%9D-3802-%D7%A1%D7%9C%D7%A7%D7%95%D7%9D/
טכנאי מחשבים ותקשורת - לפחות שנתיים ניסיון,- חסוי -,"תיאור משרה טכנאי מחשבים ותקשורת. הכרות עם המחשב וחלקיו, פירוק והרכבה, תיקון, זיהוי תקלות חומרה באמצעות כלים שונים. הכרות עם מערכות הפעלה (Windows, MacOS, Linux) התקנה, תחזוקה ופתרון תקלות. הכרות עם תוכנת ה Office (התקנה, שדרוגים ותחזוקה) הכרות עם מערכות הדואר Google / Office 365 הכרות עם מערכות ניהול ותחזוקה כגון: אנטי וירוס, Atera, גיבויים הכרות עם מגוון פתרונות אבטחה ותקשורת Checkpoint / Fortinet  מתן מענה טכני ללקוחות החברה, פתרון ומעקב לתקלות. יכולת לימוד, הבנה סדר וארגון – ובעלי יחסי אנוש מעולים. מולטיטסקינג - כאלה שיודעים לשלב משימות ויודעים לתת מענה מקצועי אמין ואיכותי. משרה מתאימה למעוניינים להתמקצע בתחום וללמוד המון - בעולם המחשוב והתקשורת.","דרישות התפקיד ניסיון קודם של שנתיים לפחות בתור טכנאי PC הכרות עם מערכות הפעלה, Office365, אבטחה, גיבויים. טיפול בחומרה. הרכבת מחשבים. אבחון תקלות חומרה / תוכנה. אנו ספקי שירות ללקוחות עסקיים ופרטיים. ולכן חשוב ביותר! תודעת שירות גבוהה, עבודה יסודית ומסודרת. אחראי/ת עם ראש גדול",הייטק-כללי & טכנאי/ת מחשבים & מנהל/ת רשת & HELP DESK / תמיכה,https://www.drushim.co.il/job/30596634/d3a82293/
לחברה תעשייתית דרוש/ה איש/ת אחזקה,לויתן סחר ומוצרים חקלאים בעמ,"תיאור משרה לחברת מזון מובילה בתחומה הממוקמת באזור קיסריה דרוש איש אחזקה. במסגרת התפקיד - ביצוע עבודות אחזקה כלליות, מתן מענה בשטח (בשני אתרים). משרה מלאה, עבודה בימים א'-ה' בין השעות 08:00-17:00 ובימי ו' בין 08:00-13:00. המשרה מלאה.","דרישות התפקיד ניסיון בעבודת אחזקה במפעל - יתרון יכולות טכניות, ""ידיים טובות"". יכולת במתן שירות לגורמים בארגון, אדיבות.",תעשיה / ייצור & תחזוקה,https://www.drushim.co.il/%D7%93%D7%A8%D7%95%D7%A9%D7%99%D7%9D-2672524-%D7%90%D7%99%D7%AA%D7%9F--%D7%9E%D7%A2%D7%93%D7%A0%D7%99-%D7%91%D7%A9%D7%A8/
טכנאי שירות ואביזרים,- חסוי -,"תיאור משרה למרכז שירות של יבואן מורשה באזור המרכז דרוש טכנאי שירות ואביזרים לביצוע עבודות חשמל בסיסיות, תיקון קצרים והתקנות של אביזרי רכב תנאים מעולים","דרישות התפקיד חובה - ניסיון בעבודה בחשמל רכב רצוי - אנגלית טכנית והבנת דיאגרמות חשמל רישיון נהיגה ללא דופי רצוי - הבנה וידע באבחון תקלות ותיקון קצרים, עבודת צוות וראש גדול מוטיבציה ויחסי אנוש מעולים",רכב / תחבורה & חשמלא/ית רכב & רכב כללי & דיאגנוסטיקה,https://www.drushim.co.il/job/30482748/11f04176/
איש/ת שירות טכני בשטח - רכב צמוד,- חסוי -,"תיאור משרה ניחוחות שמייצרים אווירה Quality scents מחפשת להרחיב את צוות השירות שלה ! אנו מציעים משרה דינמית בתחום בישום אווירה , מיתוג בריח, פתרונות ריח ונטרול ריחות בפריסה ארצית . התפקיד כולל: עבודת שטח מול מגוון לקוחות כולל מוסדות , לקוחות עסקיים הפרטיים, ביצוע שירות והתקנות בפריסה ארצית . עבודה לטווח ארוך בלבד ! - בונוס התמדה - אופציה לבונוסים שווים ע""ב מכירות - עבודה עם רכב צמוד - תנאים טובים למתאימים","דרישות התפקיד - יחסי אנוש מעולים . - אכפתיות ,""ראש גדול"" אחריות ורצינות . - תודעה שירות גבוהה. - רקע טכני - חובה . - יכולות ניהול עצמי ועמידה בזמנים - חובה . - סדר וארגון .",בעלי מקצוע & טכנאי/ת & מתקינים & טכנאי/ת מתח נמוך,https://www.drushim.co.il/job/30608167/59a9e63b/
עובדים/ות לצוות ריבוי בחוות קנאביס,שיח שריד,תיאור משרה לחברת שיח מדיקל דרושים/ות עובדים/ות לצוות ריבוי לעבודה מאתגרת בחוות קנאביס רפואי! במסגרת התפקיד: # עבודה בחממות גידול # עבודה פיזית עם הצמחים והזנים השונים # עבודה עם מערכת ממוחשבת (העבודה מוכרת כעבודה מועדפת).,"דרישות התפקיד # מוטיבציה לעבודה בחווה חקלאית # עבודה מדויקת ומסודרת ועל פי הנחיות # משרה מלאה בימים א'-ה' בשעות: 6:30-15:30 # יכולת הגעה עצמאית לגבעת ח""ן (ליד רעננה) # ניסיון קודם בעבודה במשתלה/ חנות פרחים- יתרון",כללי & עבודה מועדפת & חייל/ת משוחרר/ת & משרות כלליות,https://www.drushim.co.il/%D7%93%D7%A8%D7%95%D7%A9%D7%99%D7%9D-3027710-%D7%A9%D7%99%D7%97-%D7%A9%D7%A8%D7%99%D7%93/
קוקה-קולה מגייסת עובד/ת משק להוד השרון,CBC ISRAEL,"תיאור משרה חברת CBC ISRAEL - יצרנית ומשווקת המותגים קוקה-קולה, קרלסברג, פריגת, נביעות ועוד - מגייסת עובד/ת משק להוד השרון! התפקיד כולל אחריות על הסדר, הניקיון והאירוח במשרדי החברה. *משרה מלאה בהוד השרון *תנאים סוציאליים מצוינים",דרישות התפקיד עברית- ברמה טובה,כללי & עבודות ניקיון & משרות כלליות & מלונאות / מסעדנות & עובד/ת משק ותחזוקה,https://www.drushim.co.il/%D7%93%D7%A8%D7%95%D7%A9%D7%99%D7%9D-5709-%D7%94%D7%97%D7%91%D7%A8%D7%94-%D7%94%D7%9E%D7%A8%D7%9B%D7%96%D7%99%D7%AA-%D7%9C%D7%9E%D7%9B%D7%99%D7%A8%D7%95%D7%AA/
חברת Rescue One מחפשת אחראי.ת תחזוקה ומחסנאי.ת,"רסקיו 1 בע""מ","תיאור משרה - תחזוקה שוטפת של מתקני האימונים, המשרדים וכיתות ההדרכה של החברה - הכנת ציוד לפרויקטים/ הדרכות וסידור הציוד החוזר - ניהול מלאי - אחריות על תקינות הציוד ובדיקות תקופתיות - אחריות על תקינות הרכבים וביצוע טיפולים שוטפים","דרישות התפקיד - תפקיד התחלתי, אין צורך בניסיון קודם - בעל.ת רקע טכני וידיים טובות - בעל.ת ידע בסיסי בשימוש במחשב ועבודה עם תוכנות אופיס- חובה! - בעל.ת רישיון רכב- חובה! - אחראי.ת וראש גדול - עבודה במשרדי החברה במכון וינגייט, ימים א'-ה' בין השעות 07:30-16:30",לוגיסטיקה / שילוח & מחסנאי/ת,https://www.drushim.co.il/%D7%93%D7%A8%D7%95%D7%A9%D7%99%D7%9D-332826-%D7%90%D7%A1%D7%A7%D7%99%D7%99%D7%A4-%D7%A8%D7%A1%D7%A7%D7%99%D7%95-%D7%A1%D7%99%D7%A1%D7%98%D7%9E%D7%A1/
"אנחנו מגייסים ר""צ סיסטם לארגון פיננסי במרכז הארץ!",CALANIT by one,"תיאור משרה עבודה בכפוף למנהל תחום סיסטם, ניהול צוות אנשי הIT, ניהול פרויקטים, מתן מענה למחלקת תשתיות, עבודה מול צוותי א""מ ועוד.","דרישות התפקיד ניסיון בתפקיד ר""צ סיסטם עבודה עם VMWARE, NETAP עבודה עם מערכות גיבוי - Commvault עבודה עם כספות עבודה עם מערכת הפצת עדכוני אבטחה",הייטק-כללי & תשתיות & איש/ת IT,https://www.drushim.co.il/%D7%93%D7%A8%D7%95%D7%A9%D7%99%D7%9D-6135-one1-%D7%98%D7%9B%D7%A0%D7%95%D7%9C%D7%95%D7%92%D7%99%D7%95%D7%AA/
לוקח/ת דם לרמת השרון,מכבי שירותי בריאות,"תיאור משרה מכבי שירותי בריאות מגייסת לוקח/ת דם ורידי - לקיחת דם מחברי הקופה בדגש על מקצועיות, יעילות, שירותיות ורגישות. על המשרה • לקיחת דגימות מנבדקים, הכנת הדגימות לביצוע הבדיקות ושליחתן למעבדה הארצית להמשך ביצוע. • טיפול בפן האדמיניסטרטיבי של תיעוד הבדיקות ובהקלדת תוצאות בדיקות המגיעות ממעבדות בתי חולים. • הפעלת שיקול דעת ביחס לתוצאות חריגות. • שעות פעילות: ימים א-ה. • היקף המשרה– 50%, 7:00-11:00 • כתובת הסניף- הנצח 3, רמת השרון.","דרישות התפקיד • רישיון שאיבת דם מטעם משרד הבריאות – חובה. • יכולת לעבוד בסביבה ממוחשבת – חובה. • שליטה בשפה העברית – חובה. • אנגלית ברמה בסיסית – חובה. • על פי הוראת משרד הבריאות, נדרש לבצע בדיקה במרפאה תעסוקתית והשלמת חיסונים, בהתאם לתכנית החיסונים של עובדי מערכת הבריאות.",רפואה / בריאות & פרמדיק/ית / נהג/ת אמבולנס & רפואה - כללי & כוח עזר,https://www.drushim.co.il/%D7%93%D7%A8%D7%95%D7%A9%D7%99%D7%9D-2644594-%D7%9E%D7%9B%D7%91%D7%99-%D7%A9%D7%99%D7%A8%D7%95%D7%AA%D7%99-%D7%91%D7%A8%D7%99%D7%90%D7%95%D7%AA/
"מחסנאי ומרכיב אופנועים ליבואנית רכב מובילה בראשל""צ",מאיר חברה למכוניות,"תיאור משרה אנחנו מחפשים אותך! ל""מאיר חברה למכוניות"" - יבואנית רכבי VOLVO ו HONDA דרוש.ה מחסנאי.ת ומכין.ת אופנועים! בוא.י לעשות איתנו דרך! התפקיד כולל עבודה במחסן, פריקת מכולות עם מלגזה, הרכבת אופנועים, התקנת אביזרים, בדיקות תקינות ונסיעות מבחן בואו להשתלב בחברה טובה ויציבה לטווח הארוך! משרה מלאה - 5 ימים בשבוע בראשון לציון תנאים מעולים למתאימים - חניה, חדר אוכל, חדר כושר ועוד!",דרישות התפקיד רישיון נהיגה על אופנוע כבד + מלגזה ניסיון במכונאות / התקנת אביזרים / ידע טכני זיקה לתחום האופנועים!! יחסי אנוש מעולים,לוגיסטיקה / שילוח & מחסנאי/ת & רכב / תחבורה & רכב כללי,https://www.drushim.co.il/%D7%93%D7%A8%D7%95%D7%A9%D7%99%D7%9D-181567-%D7%9E%D7%90%D7%99%D7%A8-%D7%97%D7%91%D7%A8%D7%94-%D7%9C%D7%9E%D7%9B%D7%95%D7%A0%D7%99%D7%95%D7%AA/
עובד/ת טכני/ת לניטור מערכות סולאריות,"- אלקטרה בע""מ -","תיאור משרה אלקטרה בע""מ מגייסת עובד/ת טכני/ת לניטור מערכות סולאריות באנרגיות מתחדשות  למרכז הניטור והבקרה של מחלקת אנרגיות מתחדשות דרוש/ה איש/אשת ניטור ובקרה. התפקיד כולל: זיהוי תקלות במערכות, פתיחה וניהול קריאות שירות, הוצאת דוחות וניתוח, הקמה וניהול לקוחות משתמשים במערכות המידע והעזר, ועוד עבודה במשרה מלאה א' – ה' 8:00 – 17:00 במשרדי החברה בנתניה. ;עבודה בסביבה מלמדת ומעשירה בתחום!","דרישות התפקיד: ניסיון בעבודה בסביבה ממוחשבת חובה! ידע במערכות Office ברמה גבוהה, לרבות אקסל- חובה ניסיון בשירות לקוחות- יתרון! עברית ברמה גבוהה, אנגלית רמה טכנית טובה",שירות לקוחות & תמיכה טכנית,https://www.drushim.co.il/%D7%93%D7%A8%D7%95%D7%A9%D7%99%D7%9D-2963091--%D7%90%D7%9C%D7%A7%D7%98%D7%A8%D7%94--/
איש/ת תחזוקה מתחום האלומיניום + נהג - רכב צמוד,- חסוי -,"תיאור משרה לחברת אלומיניום דרוש איש/ת תיקונים לאלומיניום לתיקונים של פרויקטים בשטח עם ניסיון של 2-3 שנים בתחום, חובה!! המפעל נמצא בא.ת. ברקן, שעות עבודה 07:00-16:30 כולל רכב צמוד. המשרה מחולקת, במספר ימים בשבוע יתבצעו תיקונים ושירות ללקוחות, ובמספר ימים יתבצעו הובלות לאתרי הפרויקטים. כל העבודות הנ""ל יתבצעו עם לו""ז שבועי מסודר. תנאים טובים למתאימים/ות.","דרישות התפקיד בעל/ת רישיון נהיגה ב' לפחות משנת 2006, בעל מוטיבציה, וראש גדול. בעל/ת ניסיון בתחום האלומיניום - חובה אוריינטציה טכנולוגית וידע בתוכנות אופיס (מיילים, דוחות וכו') הגעה לאתר בשעה 07:30 בבוקר קבלת סידור עבודה ממחלקת תפעול בהיעדר כוח אדם יש לשמש ככוח עזר למנהל הפרויקט הובלות במידת הצורך",תעשיה / ייצור & תחזוקה & פועל/ת & תעשיה / ייצור - ניהול & רכב / תחבורה & נהג/ת,https://www.drushim.co.il/job/30425615/48383714/
עובד/ת אחזקה כללי/ת למתקן ממשלתי באזור המרכז,"~ אלקטרה בע""מ ~","תיאור משרה קבוצת אלקטרה מגייסת עובד/ת אחזקה כללי/ת למתקן ממשלתי באזור המרכז באלקטרה FM  במסגרת התפקיד: ביצוע תיקונים ואחזקה בתחום בינוי, אחזקת מבנים, שפכטל וצבע לקירות, תיקונים והתקנות ריצוף וחיפוי, מתכת ועץ, עבודות פרזול, תיקוני נגרות קלים.  היקף המשרה - א' - ה' בין 08:00-17:00 מיקומי המשרות: ראשון לציון / לוד / תל אביב  *הזדמנות להיכנס לחברה גדולה ויציבה! *עובד /ת אלקטרה מהיום הראשון! *השתלבות בצוות אחזקה יציב ומקצועי! *ארוחות",דרישות התפקיד רקע כללי וניסיון באחזקת מבנים– חובה תודעת שירות גבוהה – חובה זמינות להקפצות במקרים חריגים,בעלי מקצוע & צבעים & אינסטלציה & אחזקה,https://www.drushim.co.il/%D7%93%D7%A8%D7%95%D7%A9%D7%99%D7%9D-2963072-%D6%B0%D6%B0~-%D7%90%D7%9C%D7%A7%D7%98%D7%A8%D7%94-~/
לוקח/ת דם ורידי בשירות מעבדה סניפית - יבנה/גדרה,מכבי שירותי בריאות,"תיאור משרה מכבי שירותי בריאות מגייסת לוקח/ת דם ורידי - לקיחת דם מחברי הקופה בדגש על מקצועיות, יעילות, שירותיות ורגישות.   על המשרה •לקיחת דגימות מנבדקים, הכנת הדגימות לביצוע הבדיקות ושליחתן למעבדה הארצית להמשך ביצוע. •טיפול בפן האדמיניסטרטיבי של תיעוד הבדיקות ובהקלדת תוצאות בדיקות המגיעות ממעבדות בתי חולים. •הפעלת שיקול דעת ביחס לתוצאות חריגות. •שעות פעילות: ימים א-ה. •היקף משרה- 50%.","דרישות התפקיד •רישיון שאיבת דם מטעם משרד הבריאות – חובה. •יכולת לעבוד בסביבה ממוחשבת – חובה. •שליטה בשפה העברית – חובה. •אנגלית ברמה בסיסית – חובה.  • על פי הוראת משרד הבריאות, נדרש לבצע בדיקה במרפאה תעסוקתית והשלמת חיסונים, בהתאם לתכנית החיסונים של עובדי מערכת הבריאות.",רפואה / בריאות & סיעוד & אח/ות & רפואה - כללי,https://www.drushim.co.il/%D7%93%D7%A8%D7%95%D7%A9%D7%99%D7%9D-2644594-%D7%9E%D7%9B%D7%91%D7%99-%D7%A9%D7%99%D7%A8%D7%95%D7%AA%D7%99-%D7%91%D7%A8%D7%99%D7%90%D7%95%D7%AA/
לחברת לוגיסטיקה דרוש/ה איש/אשת מחסן ומעבדה,קבוצת ח.י,תיאור משרה במסגרת התפקיד נדרשת : 1. עבודה פזית - פתיחת ארגזים הצבת מכונות קפה על עגלות וקליטה ממוחשבת. 2. עבודת מעבדה - תיקון מכונות קפה ושטיפתן. 3. קבלת סחורה מספקים וסידור על מדפים.,דרישות התפקיד ניסיון קודם בתפקיד דומה . נכונות לעבודה בשעות 7-16 משרה מלאה ללא שישי ושבת . המשרה מתאימה לנשים וגברים .,לוגיסטיקה / שילוח & לוגיסטיקה כללי & מחסנאי/ת & מלקט/ת,https://www.drushim.co.il/%D7%93%D7%A8%D7%95%D7%A9%D7%99%D7%9D-3666186-%D7%A7%D7%91%D7%95%D7%A6%D7%AA-%D7%97%D7%99/
עובד אחזקה,- חסוי -,"תיאור משרה דרוש עובד אחזקה, המשרה היא באזור תעשיה עכו דרום לאחזקת מבנים שעות העבודה: א-ה משעה 07.00 עד 16.00 יום ו' לפי הצורך. העבודה דורשת מידי פעם לעשות שעות נוספות. שכר הולם כל התנאים הסוציאליים כולל קרן השתלמות.","דרישות התפקיד ניסיון קודם לפחות שנה ניסיון בחשמל, אינסטלציה, צבע וכו'",בעלי מקצוע & אחזקה & חשמלאי & צבעים,https://www.drushim.co.il/job/30551243/4a78ed0c/
עובד/ת כללי למעבדה לעירבוב ושקילת צבעים,- חסוי -,"תיאור משרה לחברה בתעשיית העץ דרוש/ה עובד/ת כללי למעבדה לערבוב ושקילה של צבעים לפי נוסחאות. משרה מלאה 5 ימים בשבוע, במעבדה בראש העין שעות עבודה מ8:00 עד 17:00. תנאים מעולים למתאימים/ות",דרישות התפקיד * ניסיון בתחום - יתרון * יציבות * יסודיות * רצינות * דייקנות ואחריות * ראש גדול * עבודה תחת לחץ,כללי & משרות כלליות & חייל/ת משוחרר/ת & תעשיה / ייצור & עובד/ת ייצור & איש/ת מכשור ובקרה & בקרת איכות,https://www.drushim.co.il/job/30526410/6b6eb68e/
דרוש/ה עובד/ת אחזקה עם רישיון חשמלאי/ת,- חסוי -,"תיאור משרה זו ההזדמנות שלך להשתלב בחברה ותיקה ויציבה ההמוקמת במרכז תל אביב, משרה מלאה בימים א' - ה' 08:00-17:00 עם נכונות לשעות נוספות בעת הצורך. טיפול באחזקה שוטפת הכוללת תקלות חשמל קלות במבני החברה אחריות על הזמנות ציוד וסחורה והמחסן במשרדי החברה מתן תמיכה למחלקת רכב כולל נהיגה",דרישות התפקיד תעודת חשמלאי/ת מוסמך/ת - חובה רישיון נהיגה בתוקף - חובה תודעת שירות גבוהה - חובה ניסיון קודם באחזקת מבנים - יתרון,בעלי מקצוע & חשמלאי & אחזקה & אחר,https://www.drushim.co.il/job/30550901/bbeef8d5/
למפעל מוביל בנאות חובב דרוש מכונאי אחזקה!,"ליאל כח אדם בע""מ","תיאור משרה דרוש מכונאי אחזקה למפעל מוביל בנאות חובב!! עבודה בצוות האחזקה במפעל, טיפול בתקלות ואחזקה מונעת במתקני הייצור. עבודה בעיקר במשמרות בוקר עם נכונות למשמרות ערב. תנאים סוציאליים מלאים. שכר גבוה למתאים/ה! הסעות מבאר שבע, דימונה, ירוחם, אופקים ונתיבות.",דרישות התפקיד ניסיון כמכונאי אחזקה בתעשייה חובה. השכלה רלוונטית יתרון.,תעשיה / ייצור & מכונאי/ת & טכנאי/ת - תעשייה וייצור & תחזוקה,https://www.drushim.co.il/%D7%93%D7%A8%D7%95%D7%A9%D7%99%D7%9D-2125799-%D7%94%D7%95%D7%9E%D7%98%D7%A7-%D7%91%D7%90%D7%A8-%D7%A9%D7%91%D7%A2/
לחברת מוקד אמון דרוש טכנאי מערכות מיגון,מוקד אמון סביון,תיאור משרה קבוצת מוקד אמון מגייסת טכנאי חדש לצוות!  - תנאים מצוינים למתאימים. - רכב צמוד. - מתן שירות טכני ללקוחות המוקד. - יישום תכנית עבודה ועמידה במדדי שירות איכותיים וכמותיים. - יכולת פתרון בעיות בשטח. - העבודה במשרה מלאה.,"דרישות התפקיד ניסיון בהתקנה ותיקון מערכות אזעקה ומצלמות - חובה. רישיון נהיגה - חובה. ניסיון במתח נמוך - יתרון. ניסיון בטמ""ס - יתרון.",בעלי מקצוע & טכנאי/ת & מתקינים & טכנאי/ת מתח נמוך & תעשיה / ייצור & חשמל ואלקטרוניקה & טכנאי/ת - תעשייה וייצור,https://www.drushim.co.il/%D7%93%D7%A8%D7%95%D7%A9%D7%99%D7%9D-3472-%D7%9E%D7%95%D7%A7%D7%93-%D7%90%D7%9E%D7%95%D7%9F-%D7%A1%D7%91%D7%99%D7%95%D7%9F/
"דרוש/ה טכנאי בד""ס (בדיקות סופיות)",- חסוי -,"תיאור משרה לחברת תוכנה הממוקמת במרכז הארץ דרוש/ה טכנאי בד""ס (בדיקות סופיות) במסגרת התפקיד: בדיקה של בקרים של שעוני נוכחות, עבודה על התוכנה, הזמנות שטח, בדיקת מוצרים, תהליך של בדיקות לפני יציאה ללקוח. משרה מלאה, בימים א-ה, בין השעות 08:00-17:00 (חמישי עד 16:00)",דרישות התפקיד הנדסאי אלקטרוניקה - יתרון טכנאי אלקטרוניקה שעבד על מערכות של מתח נמוך - יתרון,בעלי מקצוע & טכנאי/ת מתח נמוך,https://www.drushim.co.il/job/30532946/f1490fae/
לקבוצת ח.י דרוש/ה מתקין/ה TV שטח,קבוצת ח.י,"תיאור משרה העבודה כוללת: •הובלת טלויזיות, התקנתן ומכירת מוצרים נלווים בבית הלקוח •עבודת בצוות •עבודה פיזית, שירותית ומכירתית משרה מלאה- ימים א’-ה’ בשעות 7:00-17:00, ימי שישי במידת הצורך.",דרישות התפקיד •רישיון ב (4 טון) •רקע טכני •ניסיון בשירות לקוחות ומכירות - יתרון משמעותי! •נכונות לשעות נוספות ולעבודה פיזית,בעלי מקצוע & מתקינים & טכנאי/ת & מכירות & איש/ת מכירות & נציג/ת מכירות פרונטליות,https://www.drushim.co.il/%D7%93%D7%A8%D7%95%D7%A9%D7%99%D7%9D-3666186-%D7%A7%D7%91%D7%95%D7%A6%D7%AA-%D7%97%D7%99/
מהנדס/ת לתפקיד ניהול פרויקטים בתחום הנדסת אקוסטיקה,אקו הנדסת סביבה,"תיאור משרה לחברת אקו הנדסת סביבה ואקוסטיקה בע""מ דרוש/ה מהנדס/ת לתפקיד ניהול פרויקטים בתחום הנדסת אקוסטיקה, נדרשת עבודת תכנון הנדסי במשרד ונכונות ליציאה למדידות בשטח. ההכשרה בתחום הנדסת אקוסטיקה תעשה במסגרת העבודה. משרה מלאה עם נכונות להשקעת שעות נוספות.",דרישות התפקיד תואר בהנדסה - חובה. שליטה מלאה באופיס (אקסל וווארד וכו') - חובה. אנגלית – שליטה מלאה - חובה. שליטה מלאה באוטוקאד – יתרון.,הנדסה & מהנדס/ת סביבה & מהנדסים כללי & מהנדס/ת כימיה,https://www.drushim.co.il/%D7%93%D7%A8%D7%95%D7%A9%D7%99%D7%9D-136575-%D7%90%D7%A7%D7%95-%D7%94%D7%A0%D7%93%D7%A1%D7%AA-%D7%A1%D7%91%D7%99%D7%91%D7%94/
